  0.0674299
  0.916602
  0.708225
  1.32327
  0.532252
  1.01017
  1.11342
  2.7934
  2.38882
  1.50852
  3.36672
  3.48675
  1.55886
  2.84921
  2.04627
  1.24306
  1.05597
  1.78471
  1.81937
  2.1169
  1.90001
  1.66176
  1.49778
  0.470034
  1.21967
  1.39459
  1.10989
  2.76133
  2.32995
  1.57514
  1.19962
  1.40238
  1.96701
  3.56914
  2.97531
  1.93717
  0.623587
  1.94252
  1.01011
  1.86078
  3.28239
  1.48779
  1.01812
  -0.829422
  0.548141
  0.407511
  1.10744
  2.14785
  0.428453
  -0.563466
  -0.242482
  -0.365423
  0.143116
  1.47967
  2.35064
  1.27478
  1.95544
  0.0970688
  0.0423286
  -0.00542979
  -0.433641
  -0.106041
  0.809221
  1.26566
  -0.35907
  -0.361111
  0.779069
  0.905862
  -0.447752
  2.24245
  2.50557
  2.28373
  2.2015
  -1.2542
  1.06549
  1.77453
  0.22047
  0.262044
  1.09623
  0.908787
  -0.509648
  -0.293497
  -1.17971
  -0.507626
  1.96119
  1.03457
  2.17458
  2.0977
  0.327727
  -0.00899659
  0.0863204
  -0.509342
  1.34336
  0.74355
  1.47916
  0.626846
  -0.753446
  -0.588559
  0.0159663
  -0.286342
  0.581169
  1.07395
  -0.118306
  -0.777775
  0.545493
  -0.380908
  -0.709164
  -0.0217914
  -0.600597
  1.15156
  0.108467
  -0.335641
  0.266536
  1.0256
  0.616479
  1.39129
  2.13012
  1.66451
  1.16045
  -0.189214
  0.897605
  1.85705
  -0.404243
  0.434266
  -0.279821
  -0.209139
  0.315095
  1.72219
