  0.779707
  -0.165143
  0.175666
  0.818175
  1.62068
  1.35893
  0.657972
  -0.272916
  1.13448
  1.25324
  1.71372
  1.45479
  1.26026
  1.64601
  -0.576744
  0.33669
  -1.58264
  -1.02336
  0.310269
  0.577074
  0.737024
  1.6698
  2.36731
  1.27842
  0.717217
  -1.04564
  -2.05162
  -4.12921
  -3.29746
  -3.7812
  -3.78106
  -3.90869
  -3.12434
  -3.35396
  -2.81268
  -4.49177
  -5.48165
  -3.66838
  -3.45244
  -2.73311
  -0.132119
  -2.34978
  -0.733226
  0.674897
  1.40944
  0.793532
  0.166883
  0.454537
  -0.71314
  -0.620009
  -1.8283
  -0.33703
  -0.877665
  -0.158759
  -0.879191
  -1.09679
  -0.111131
  0.418777
  -0.804966
  -1.19737
  -0.165422
  0.863651
  -0.846804
  0.769966
  1.12822
  0.370138
  0.145983
  1.62829
  1.48548
  1.13846
  0.300365
  -0.768285
  -0.448791
  1.41906
  0.696201
  -0.414666
  -0.864448
  0.815607
  1.06351
  1.54046
  1.53949
  1.39555
  -0.0295656
  -0.0489662
  0.212012
  -0.72282
  0.503181
  0.456106
  0.365076
  -0.0997336
  -0.0308677
  0.763634
  1.97005
  2.25243
  1.92714
  0.764699
  -0.500041
  0.398131
  -0.284382
  -0.664274
  -0.50444
  -0.870232
  0.430226
  0.00468736
  -1.05743
  -0.518378
  0.155398
  0.437806
  1.12878
  -0.128477
  1.22814
  0.268537
  2.24639
  0.977775
  0.809543
  2.33269
  1.66753
  1.7552
  -0.577231
  0.926164
  1.47689
  -0.183811
  -0.672087
  -1.19942
  0.0451921
  -0.203623
  -0.478779
  -1.12533
