  0.0611332
  -0.669169
  -0.802645
  -2.7168
  -2.90242
  -4.15822
  -4.10896
  -3.61909
  -3.21211
  -4.35349
  -5.96456
  -5.7043
  -5.99158
  -5.17115
  -5.20202
  -6.42142
  -5.67389
  -5.6068
  -6.90312
  -7.02695
  -4.99926
  -6.70276
  -5.62214
  -5.45457
  -3.53002
  -4.96635
  -5.27043
  -5.49387
  -4.91383
  -4.56968
  -3.6271
  -1.45543
  -2.03791
  -2.05291
  -2.54303
  -2.09188
  -0.273869
  -1.37167
  -0.728821
  -0.584915
  -0.281251
  -0.514787
  -1.53918
  -0.517579
  -0.352486
  -0.51725
  -1.71893
  -2.20862
  -2.23181
  -0.73823
  -1.31785
  -1.87016
  -1.74519
  -0.526999
  -1.47865
  0.244676
  0.357019
  0.269324
  0.180961
  0.471582
  0.48682
  0.14847
  1.41176
  1.62778
  2.59557
  2.99291
  2.52955
  1.87465
  2.26387
  1.91364
  1.9816
  1.32887
  0.37375
  2.6563
  3.25408
  4.37404
  3.12564
  3.18081
  3.34111
  2.48932
  3.40104
  3.63054
  2.51085
  2.97042
  2.02386
  1.56571
  2.12636
  2.59332
  2.64912
  2.38926
  1.3729
  1.01613
  2.44515
  2.91357
  2.85864
  1.58728
  1.73594
  1.63109
  1.40489
  0.15829
  0.896791
  1.32438
  -0.0867153
  2.04521
  2.23902
  1.45937
  1.57389
  0.911907
  -0.339
  1.00384
  0.966082
  1.41141
  0.539734
  1.83809
  1.01452
  0.628124
  0.171318
  -1.05944
  0.311925
  0.330189
  -0.166404
  0.219311
  1.97162
  1.5108
  -0.263957
  -1.0495
  -1.00319
  -0.172409
