  -0.679432
  2.83786
  0.371863
  -0.121392
  -0.635487
  -0.167202
  -1.41177
  -0.546045
  -0.558551
  -0.620307
  -0.244285
  -1.10291
  0.568158
  1.27968
  1.62458
  -0.260053
  0.0652849
  1.96536
  -0.191781
  -0.308028
  -0.533175
  0.33692
  0.165325
  -0.394017
  0.268295
  1.14572
  -0.289913
  -0.0173941
  0.770451
  -0.638595
  -0.419235
  0.835795
  0.1552
  0.459722
  0.585484
  0.494955
  -0.493946
  -1.92528
  -1.42962
  -1.63295
  -0.0689244
  -0.0350492
  0.363953
  1.17471
  0.31809
  -0.0358643
  0.139343
  -2.13397
  -1.08938
  0.711842
  1.10599
  -0.535972
  -0.145492
  0.989222
  0.379635
  0.0643622
  0.169633
  -1.15033
  -2.65253
  0.432428
  -0.827439
  -1.38627
  0.777356
  -0.540975
  -0.318296
  1.63007
  0.888259
  0.0908497
  -0.324947
  -0.192219
  -0.63232
  0.457488
  0.480333
  0.644719
  -0.196191
  0.616992
  0.826809
  -0.503631
  -1.04337
  -0.033266
  -0.241918
  -0.984501
  0.775199
  0.907183
  -0.321846
  -0.669886
  1.97911
  0.84019
  0.0822802
  2.38775
  0.402448
  0.0923708
  0.713411
  -0.674677
  0.475667
  1.39192
  -0.490864
  0.210808
  1.17429
  -0.50914
  -0.555729
  0.856176
  0.775846
  -2.56599
  0.396153
  0.39181
  1.26845
  -0.639556
  -0.389783
  0.263774
  0.643619
  0.527788
  -1.71117
  0.573019
  0.72858
  0.0143186
  1.31328
  1.51178
  0.676107
  -0.484535
  1.05911
  0.153631
  -1.64486
  -0.60865
  -0.564777
  0.105956
  0.599465
  -0.943556
