  -1.42726
  0.0122937
  -1.69102
  -1.31878
  -1.56344
  0.165753
  -0.562556
  -1.48063
  0.0358642
  -0.569007
  -0.431819
  -0.70363
  1.21797
  1.26259
  1.27811
  1.97323
  2.44682
  1.70165
  0.363292
  -0.270774
  -1.17457
  0.885727
  -0.5372
  -1.23035
  -0.441119
  -0.289805
  -0.177727
  1.51102
  1.70545
  2.65058
  1.19706
  2.30169
  2.99256
  1.41653
  0.968014
  0.864177
  -0.261303
  -0.22465
  -1.14653
  -1.48142
  -0.734234
  -1.04478
  -0.374003
  -0.188139
  0.143042
  -0.139164
  0.444234
  -0.225026
  0.916589
  0.064894
  0.702908
  -0.0477082
  0.74795
  0.119998
  0.499949
  -0.622816
  -0.404284
  -1.36738
  -1.02193
  -0.871565
  -0.129622
  -1.83193
  -1.87394
  -2.16457
  -1.97583
  -1.34702
  -2.71471
  -2.78893
  -1.19939
  -0.400968
  -1.67165
  -1.99283
  -0.47744
  1.76644
  2.13813
  0.514417
  0.48406
  0.409808
  -0.893931
  1.61136
  0.429743
  -0.546401
  0.00520757
  0.68582
  0.118965
  -1.03193
  -0.355542
  -0.301922
  -1.206
  -2.15813
  -2.26348
  -2.6295
  -1.38893
  -0.908881
  0.218695
  0.507895
  -1.51019
  -1.05655
  -1.18215
  -1.56893
  -0.610863
  1.13232
  0.351529
  -2.06705
  -0.586305
  0.289063
  1.5866
  0.297626
  -2.23011
  -0.492417
  -0.813612
  -0.599254
  -0.667235
  -1.24662
  -0.684103
  1.21794
  0.702995
  0.152031
  0.936715
  -0.20676
  -2.30982
  -0.894281
  -2.00185
  -0.374205
  -1.38525
  -0.258886
  0.817389
  -0.772228
