  -2.75049
  -2.4273
  -0.462849
  -0.524723
  1.79668
  0.459408
  1.09043
  0.383992
  0.407989
  0.256969
  -1.68629
  0.935339
  1.43073
  -0.293996
  -0.91538
  0.194434
  -2.07552
  -1.36026
  0.0975905
  0.692687
  1.23674
  1.72544
  1.1031
  0.88117
  1.17837
  1.26202
  -1.66165
  -0.299563
  -0.74369
  -1.8342
  -0.979273
  -0.546915
  0.132246
  0.353975
  -2.3093
  -1.66654
  -2.31996
  -1.84871
  1.18582
  2.03234
  0.163845
  0.821904
  -0.247335
  -0.270958
  -0.00535876
  0.37517
  0.053036
  2.09489
  0.0443971
  1.01354
  2.77129
  1.23109
  0.373925
  1.37484
  -1.18962
  -2.49509
  -0.652616
  -0.701033
  -0.365083
  -0.765982
  0.440305
  0.568334
  -1.49365
  -2.66496
  0.344277
  0.0957858
  -0.0676529
  1.33875
  0.516754
  -0.733403
  0.337644
  -0.368073
  -1.55775
  -0.781124
  0.251477
  -1.58105
  0.437147
  -0.742288
  -0.267552
  -1.41023
  -2.49359
  -1.30156
  0.13772
  -0.890261
  1.53469
  1.40561
  0.703309
  0.0934196
  -2.59785
  0.742444
  0.116364
  0.347619
  -1.65075
  0.176967
  0.0845373
  -1.03599
  -0.403141
  -0.181298
  0.426857
  -0.824908
  -0.594047
  0.207732
  0.458964
  0.559376
  -0.628298
  1.12521
  -0.413839
  -0.076764
  0.658317
  -1.35028
  -0.433612
  -2.45257
  0.985734
  0.214538
  -0.880012
  -0.881999
  1.22471
  -0.373989
  0.890688
  -1.72189
  -1.2511
  -0.645145
  -0.523136
  -2.03529
  -2.46361
  -1.24394
  -0.742676
  0.263087
