  -0.588363
  1.47995
  0.219083
  -0.886797
  -0.120631
  -0.580574
  -0.322296
  1.39755
  -1.44439
  0.579602
  -0.486016
  -0.44563
  -1.09018
  -0.565986
  -0.682754
  -1.06314
  -0.0343816
  0.622271
  0.0662072
  -1.39077
  -1.37917
  -1.69836
  -1.29448
  -0.343845
  -1.00884
  -0.986677
  -0.940763
  -2.12371
  -1.69964
  -1.62819
  -1.83009
  -0.368675
  -1.4564
  -0.857055
  -2.50383
  -2.1792
  -2.30252
  -2.03323
  -2.53946
  -3.05944
  -3.41214
  -1.80657
  -1.96773
  -2.61248
  -3.81698
  -4.19818
  -2.53392
  -3.44139
  -3.49348
  -3.51116
  -2.85719
  -4.12271
  -3.965
  -4.93008
  -4.38988
  -3.10175
  -4.57561
  -5.12125
  -4.26158
  -2.88638
  -2.37168
  -2.32396
  -2.21867
  -1.94389
  -2.00647
  -2.88811
  -3.05232
  -3.83898
  -4.56672
  -6.63341
  -6.1064
  -5.63899
  -5.98679
  -6.60654
  -7.3659
  -6.78468
  -6.36643
  -7.05561
  -5.01248
  -4.2667
  -5.4271
  -6.48742
  -6.59484
  -5.123
  -4.71974
  -4.37459
  -4.28994
  -4.9645
  -5.28384
  -5.86477
  -4.22566
  -3.7793
  -4.46732
  -5.88054
  -8.72555
  -8.35902
  -6.68637
  -7.44154
  -5.8566
  -5.18806
  -4.73883
  -4.54573
  -4.89288
  -5.49593
  -5.7041
  -5.38744
  -4.80845
  -4.88467
  -4.05997
  -3.35632
  -2.90067
  -3.70078
  -2.65939
  -2.61687
  -2.51179
  -1.39077
  0.0127694
  -0.529009
  -0.562601
  -0.506445
  -0.572358
  0.0250778
  0.000936533
  -0.187286
  -1.31311
  -1.19266
  0.551772
  -0.480011
