  0.967003
  1.34044
  1.10828
  0.0393268
  1.27071
  0.545916
  -0.00191366
  0.842869
  0.102226
  0.433028
  -0.0134394
  -0.293273
  0.0433832
  -0.528039
  -0.872006
  -2.21371
  -2.49232
  -1.03313
  -1.11994
  -0.355152
  -0.184115
  -1.69061
  -2.94449
  -1.7201
  -1.03424
  -2.07176
  -0.911038
  -0.847301
  -0.0828568
  -1.21644
  0.0596021
  -1.16059
  -0.785863
  -2.15101
  -1.36402
  -1.99118
  -1.58381
  -2.45863
  -1.31467
  -0.596838
  -1.75885
  -0.567753
  0.543098
  -1.63917
  0.178001
  -1.40111
  -0.566967
  -2.10984
  -0.923962
  -1.12807
  -0.89938
  -0.724052
  -0.131569
  -0.792065
  -1.85457
  -1.26308
  -2.05826
  0.26494
  0.25847
  -0.245433
  -0.884532
  -1.71279
  -1.39239
  -0.776257
  -0.116684
  0.473539
  -1.17543
  0.688419
  1.74671
  -0.303307
  1.12978
  -0.0171736
  0.481169
  -0.688906
  -0.570856
  0.0211176
  -1.37671
  -1.0114
  -0.806338
  0.0684545
  0.273019
  1.11802
  0.273263
  -0.692891
  0.393968
  2.07035
  0.423108
  1.15573
  -0.475087
  1.05724
  1.38309
  3.41393
  1.90332
  1.91386
  0.407915
  2.0354
  2.00218
  2.20772
  0.523688
  -0.388059
  -0.939955
  0.182439
  -1.17457
  -1.78567
  0.228878
  -1.38564
  -0.224635
  -1.10968
  -0.458281
  -0.402672
  -0.317482
  -1.10424
  0.949511
  2.06261
  0.279254
  0.707357
  1.00927
  1.94162
  0.315061
  0.0955483
  -1.53813
  1.12643
  0.0158472
  -1.04435
  -0.359375
  1.04581
  1.29568
  2.2343
