  -0.68548
  -1.36523
  -2.48947
  1.41753
  1.25419
  2.47957
  0.445213
  -0.919819
  -0.536786
  -0.296842
  2.5713
  1.53822
  0.209954
  0.179242
  -1.28693
  -1.64029
  0.994623
  0.173958
  0.950212
  -0.363998
  -0.775435
  0.611589
  -0.332124
  0.691317
  0.00958296
  -0.547363
  -0.653991
  -3.19606
  0.831219
  0.59154
  1.13486
  -0.660215
  0.814257
  0.147204
  0.184589
  1.30623
  -0.342235
  0.301209
  0.649346
  0.340831
  0.38079
  -0.226386
  0.0586469
  0.613691
  -1.01136
  -0.239571
  -0.985748
  -0.647336
  0.648102
  0.744399
  1.9712
  -0.236439
  2.14071
  1.83687
  -1.23025
  -0.310567
  -0.959941
  -1.72459
  1.35897
  -1.00052
  1.24513
  0.0659613
  0.505089
  -0.507067
  0.349303
  -0.17962
  1.4239
  1.91526
  -1.53861
  2.29367
  0.987236
  -0.748179
  0.83657
  -0.269721
  -0.283963
  0.276425
  -1.18527
  1.27777
  -0.344205
  -0.287392
  -0.275013
  1.42471
  1.03122
  -0.572248
  -1.26218
  -0.913412
  -0.858097
  1.55188
  0.515602
  1.19506
  -1.36932
  0.555717
  1.02467
  -1.15537
  0.595663
  0.249687
  0.879896
  -0.251248
  0.195931
  -0.714525
  -0.94856
  0.276597
  -0.166368
  1.15631
  0.0345249
  -0.496737
  -0.0982567
  1.50921
  0.287619
  -0.684176
  0.222997
  0.919301
  0.157261
  -1.24839
  -0.330274
  -0.566329
  -0.525463
  1.28149
  1.6415
  1.36125
  -0.541948
  0.0951926
  0.338634
  -0.493792
  -1.03679
  -0.101142
  -1.6126
  -0.805925
