  2
  1.89374
  1.91779
  1.98392
  2.03887
  2.00293
  1.94134
  1.85253
  1.83842
  1.85603
  1.84984
  1.81268
  1.83488
  1.95195
  1.9391
  1.88267
  1.88565
  1.82925
  1.90332
  1.87195
  1.8342
  1.82877
  1.89528
  1.89686
  1.89604
  1.95231
  1.95365
  1.97303
  1.96392
  1.998
  1.91481
  1.91422
  1.94195
  1.91104
  1.83846
  1.86995
  1.83313
  1.78547
  1.80412
  1.80534
  1.71591
  1.69666
  1.75429
  1.71259
  1.76644
  1.80315
  1.80361
  1.74059
  1.75988
  1.80707
  1.86774
  1.94919
  2.00244
  1.99308
  2.00389
  1.98409
  1.99997
  2.0608
  2.15867
  2.17393
  2.29472
  2.37688
  2.41555
  2.42451
  2.62149
  2.46091
  2.41704
  2.347
  2.37673
  2.34296
  2.26835
  2.25
  2.2768
  2.4092
  2.3746
  2.40099
  2.42086
  2.3224
  2.4341
  2.31321
  2.38548
  2.32208
  2.34965
  2.29724
  2.2178
  2.25327
  2.19683
  2.20645
  2.27305
  2.37574
  2.504
  2.54821
  2.52745
  2.56106
  2.66606
  2.60629
  2.69046
  2.74109
  2.74936
  2.81689
  2.79191
