  0.370632  0.392839
  0.444669  0.44364
  0.700542  0.781674
  0.67282  0.540037
  0.667592  0.757285
  0.635721  0.706003
  0.256446  0.32178
  0.425336  0.432217
  0.700611  0.743886
  0.812691  0.779832
  0.88738  0.636876
  0.552357  0.562415
  0.462057  0.499787
  0.402433  0.458691
  0.895346  0.699466
  0.605123  0.533877
  0.333509  0.371018
  0.489902  0.535161
  0.443142  0.538407
  0.631219  0.586951
  0.231945  0.388538
  0.508434  0.615882
  0.772745  0.778913
  0.521692  0.633107
  0.802427  0.748013
  0.558382  0.700994
  0.0790801  0.250806
  0.823683  0.740782
  0.161413  0.34577
  0.292171  0.366591
  0.402429  0.447265
  0.833771  0.685078
  0.225336  0.341356
  0.177712  0.345678
  0.637264  0.521025
  0.573329  0.474264
  0.475818  0.497192
  0.787504  0.693225
  0.725551  0.753733
  0.521389  0.530922
  0.365204  0.383468
  0.462909  0.595175
  0.84125  0.762579
  0.201962  0.377699
  0.680018  0.664599
  0.209239  0.356974
  0.588439  0.669268
  0.769644  0.717207
  0.888941  0.676475
  0.827662  0.652305
  0.458686  0.582784
  0.623435  0.753904
  0.195386  0.30628
  0.716629  0.598142
  0.579924  0.673855
  0.695483  0.735531
  0.500785  0.478368
  0.673794  0.633491
  0.377014  0.510358
  0.427354  0.460464
  0.692173  0.640021
  0.437541  0.448612
  0.68327  0.735856
  0.591666  0.619944
  0.568959  0.554814
  0.84134  0.667273
  0.819138  0.711148
  0.37148  0.392439
  0.690897  0.721949
  0.764903  0.623617
  0.566926  0.537527
  0.222108  0.315361
  0.826812  0.77016
  0.767689  0.713788
  0.631055  0.751695
  0.625753  0.744266
  0.320922  0.499014
  0.867755  0.653455
  0.571667  0.553821
  0.388374  0.49548
  0.523396  0.675617
  0.507866  0.478545
  0.659075  0.734282
  0.860594  0.710319
  0.763056  0.714562
  0.678101  0.619881
  0.235242  0.414217
  0.775688  0.764335
  0.189705  0.319422
  0.614806  0.560291
  0.0926607  0.283263
  0.277556  0.445105
  0.290252  0.442105
  0.501533  0.508134
  0.651809  0.56276
  0.21383  0.303774
  0.607724  0.504862
  0.140452  0.271237
  0.36392  0.427527
  0.360428  0.476745
  0.449441  0.584481
  0.308832  0.38582
  0.644682  0.683456
  0.319555  0.36617
  0.340428  0.372594
  0.562411  0.587147
  0.331913  0.472242
  0.53544  0.49209
  0.846639  0.693298
  0.868835  0.630748
  0.557868  0.710926
  0.644364  0.605854
  0.563712  0.529909
  0.239833  0.363949
  0.491138  0.603659
  0.705514  0.672955
  0.2775  0.416363
  0.615045  0.773511
  0.692416  0.697791
  0.417265  0.403076
  0.767461  0.600393
  0.30276  0.369818
  0.756838  0.593738
  0.793958  0.714192
  0.304667  0.355789
  0.644001  0.588385
  0.57987  0.664704
  0.734678  0.819039
  0.920426  0.684871
  0.383354  0.504917
  0.525058  0.578195
  0.890033  0.693624
  0.727849  0.621879
  0.564815  0.487264
  0.277129  0.360932
  0.595978  0.737821
  0.447618  0.460343
  0.580248  0.636315
  0.641886  0.566229
  0.739837  0.809795
  0.755271  0.728986
  0.828606  0.747889
  0.652296  0.725008
  0.485243  0.64503
  0.704938  0.706004
  0.434575  0.463113
  0.711499  0.543965
  0.715071  0.824449
  0.633332  0.520112
  0.323052  0.389025
  0.371527  0.440523
  0.627172  0.755154
  0.707235  0.603826
  0.865591  0.663033
  0.669117  0.70705
  0.667595  0.533046
  0.327608  0.382996
  0.479839  0.631745
  0.307495  0.348115
  0.395344  0.434258
  0.462637  0.625599
  0.545564  0.490784
  0.709999  0.798125
  0.126664  0.317888
  0.587441  0.529096
  0.923948  0.665103
  0.515129  0.656131
  0.618601  0.515875
  0.5257  0.523074
  0.173139  0.31262
  0.68465  0.526527
  0.389822  0.388884
  0.78955  0.641151
  0.581631  0.717898
  0.230201  0.35707
  0.326687  0.423859
  0.68314  0.825169
  0.846867  0.733422
  0.846083  0.654059
  0.679046  0.829744
  0.745777  0.589234
  0.799357  0.593143
  0.48394  0.630029
  0.543351  0.488668
  0.803197  0.614584
  0.632233  0.692231
  0.476399  0.575774
  0.661884  0.776887
  0.396922  0.485115
  0.700128  0.706991
  0.459933  0.496592
  0.842403  0.731024
  0.53422  0.604697
  0.592811  0.674184
  0.499472  0.596921
  0.729324  0.786928
  0.7934  0.761982
  0.492994  0.463082
  0.802583  0.789746
  0.13265  0.292448
  0.601131  0.543657
  0.257959  0.35046
  0.800662  0.709642
  0.498989  0.475022
  0.21276  0.333241
  0.872274  0.701396
  0.815458  0.795465
  0.390765  0.431433
  0.263093  0.445478
  0.676075  0.538103
  0.472922  0.452889
  0.679495  0.713148
  0.304536  0.397221
  0.531042  0.676366
  0.277679  0.392793
  0.790018  0.669569
  0.493632  0.609835
  0.628083  0.505935
  0.346343  0.450859
  0.587195  0.502634
  0.552718  0.617168
  0.377428  0.500495
  0.4727  0.582678
  0.806983  0.586624
  0.208069  0.393793
  0.266541  0.446674
  0.885234  0.722439
  0.597114  0.739842
  0.413601  0.458182
  0.0719219  0.244978
  0.311821  0.439088
  0.563373  0.488657
  0.490256  0.563008
  0.37697  0.410876
  0.212916  0.392825
  0.608433  0.755937
  0.530688  0.593397
  0.491851  0.648066
  0.698353  0.750163
  0.586244  0.631547
  0.754475  0.581276
  0.623869  0.647479
  0.723205  0.761026
  0.4012  0.409791
  0.417592  0.480011
  0.489445  0.513044
  0.817444  0.810092
  0.248273  0.362388
  0.347308  0.407742
  0.867148  0.620657
  0.22463  0.37804
  0.821036  0.718496
  0.685697  0.750594
  0.021802  0.215822
  0.160821  0.285381
  0.807211  0.659593
  0.609806  0.645511
  0.79738  0.728179
  0.230287  0.343857
  0.417686  0.452232
  0.405543  0.532083
  0.818648  0.810624
  0.902198  0.705852
  0.917847  0.639386
  0.864737  0.69683
  0.387551  0.498255
  0.254136  0.37439
  0.305082  0.480741
  0.146188  0.283926
  0.755899  0.890061
  0.13953  0.318851
  0.860593  0.621962
  0.496761  0.524801
  0.812151  0.610639
  0.326181  0.406772
  0.783074  0.585156
  0.397497  0.538662
  0.376526  0.519552
  0.165493  0.308212
  0.547755  0.489052
  0.682592  0.585081
  0.535291  0.614092
  0.720055  0.743663
  0.822981  0.787039
  0.295641  0.415317
  0.697824  0.792939
  0.559257  0.717496
  0.551497  0.515675
  0.812039  0.688795
  0.474433  0.63178
  0.0956683  0.253419
  0.841261  0.63235
  0.402271  0.53423
  0.67686  0.719685
  0.473987  0.614452
  0.529592  0.648825
  0.693734  0.674927
  0.52836  0.526532
  0.441875  0.429899
  0.774767  0.834951
  0.646779  0.648201
  0.416014  0.509488
  0.870733  0.644238
  0.204968  0.383659
  0.382727  0.508141
  0.474469  0.503648
  0.513372  0.61918
  0.78888  0.663489
  0.527168  0.689656
  0.320953  0.452354
  0.332122  0.399908
  0.618033  0.545167
  0.72611  0.632847
  0.706273  0.550974
  0.852524  0.741969
  0.512187  0.548908
  0.509225  0.475218
  0.841888  0.599207
  0.735708  0.605182
  0.788753  0.829033
  0.39999  0.443632
  0.741197  0.604225
  0.587653  0.551544
  0.441727  0.529649
  0.904635  0.690058
  0.244842  0.391643
  0.544756  0.569897
  0.747566  0.755532
  0.152761  0.315738
  0.56965  0.571646
  0.628493  0.671244
  0.725543  0.75594
  0.542783  0.499251
  0.677893  0.555706
  0.817075  0.618459
  0.663089  0.71583
  0.469539  0.471339
  0.780772  0.606047
  0.748353  0.693911
  0.730913  0.775451
  0.745307  0.84476
  0.162601  0.282761
  0.791569  0.623032
  0.134155  0.297532
  0.830962  0.611032
  0.51531  0.503995
  0.467489  0.521837
  0.703967  0.590229
  0.216829  0.398806
  0.339542  0.365504
  0.616661  0.69779
  0.619533  0.640062
  0.441577  0.508323
  0.72728  0.613096
  0.678805  0.674924
  0.59847  0.588117
  0.40849  0.460311
  0.71845  0.773627
  0.760603  0.672885
  0.611387  0.762654
  0.688129  0.713314
  0.821482  0.590169
  0.503928  0.578094
  0.417912  0.494368
  0.346973  0.373826
  0.388635  0.397583
  0.655886  0.587863
  0.803581  0.602921
  0.326368  0.502619
  0.582842  0.696074
  0.174619  0.333597
  0.339213  0.458375
  0.7229  0.59909
  0.395195  0.510384
  0.710967  0.654975
  0.448524  0.448521
  0.680463  0.828907
  0.71936  0.646809
  0.41756  0.44023
  0.280868  0.410639
  0.461569  0.561628
  0.526014  0.685472
  0.286757  0.392913
  0.0922789  0.279562
  0.600112  0.654604
  0.656225  0.738961
  0.266629  0.437188
  0.43738  0.513161
  0.480423  0.453503
  0.663923  0.72391
  0.371384  0.531172
  0.436289  0.43272
  0.438098  0.587897
  0.427238  0.425068
  0.295583  0.397212
  0.543226  0.584666
  0.407699  0.503408
  0.544801  0.538098
  0.479654  0.54123
  0.641592  0.627042
  0.665969  0.555022
  0.743442  0.761876
  0.194954  0.33033
  0.60188  0.659059
  0.359919  0.482344
  0.0406974  0.231689
  0.486178  0.467814
  0.724182  0.556961
  0.141333  0.275484
  0.447054  0.425657
  0.245603  0.338627
  0.701036  0.813831
  0.539714  0.554939
  0.785985  0.672989
  0.542201  0.669161
  0.682214  0.785288
  0.163113  0.322356
  0.448054  0.529344
  0.415933  0.533849
  0.737432  0.872308
  0.60058  0.496324
  0.42674  0.513339
  0.695942  0.748769
  0.831251  0.648943
  0.733816  0.720399
  0.523975  0.557313
  0.404344  0.43799
  0.214958  0.397197
  0.283934  0.410578
  0.419844  0.502141
  0.422344  0.488583
  0.611908  0.710423
  0.34673  0.462134
  0.308984  0.359083
  0.612651  0.504227
  0.703212  0.852862
  0.570001  0.630413
  0.486036  0.59752
  0.789839  0.792602
  0.502087  0.645848
  0.544412  0.609387
  0.278411  0.396354
  0.440449  0.427086
  0.726799  0.833586
  0.724321  0.586083
  0.516979  0.625353
  0.363622  0.469598
  0.688391  0.715323
  0.683885  0.825619
  0.543537  0.666373
  0.595609  0.728961
  0.104981  0.275445
  0.664912  0.681458
  0.397272  0.402136
  0.814777  0.769477
  0.134217  0.290115
  0.791424  0.654335
  0.753359  0.574969
  0.513408  0.454619
  0.754776  0.558085
  0.448427  0.466426
  0.532036  0.48949
  0.827256  0.785696
  0.222251  0.385509
  0.69253  0.757016
  0.166393  0.305811
  0.378483  0.47309
  0.337027  0.480643
  0.815533  0.622381
  0.615952  0.711567
  0.315735  0.354973
  0.559658  0.633737
  0.773869  0.837323
  0.795792  0.669113
  0.711748  0.81372
  0.828276  0.637406
  0.337276  0.386632
  0.750149  0.853638
  0.869397  0.652919
  0.480292  0.550067
  0.578347  0.555178
  0.724065  0.725578
  0.380027  0.528485
  0.22171  0.330521
  0.588413  0.66255
  0.661199  0.587264
  0.832061  0.744738
  0.0161876  0.214158
  0.544873  0.526088
  0.451965  0.452658
  0.897586  0.683097
  0.503881  0.526757
  0.581196  0.574408
  0.753451  0.650059
  0.367317  0.390495
  0.333322  0.416791
  0.733001  0.758256
  0.556564  0.544868
  0.608839  0.499443
  0.823598  0.709403
  0.233913  0.324038
  0.729521  0.855282
  0.903403  0.679035
  0.698246  0.689434
  0.796523  0.78474
  0.667208  0.595419
  0.81601  0.632416
  0.886024  0.682128
  0.600241  0.760086
  0.717457  0.643493
  0.542419  0.695782
  0.437284  0.49482
  0.711408  0.55466
  0.846334  0.744429
  0.605719  0.559116
  0.481801  0.606391
  0.29807  0.353822
  0.550039  0.649413
  0.582295  0.694538
  0.867523  0.649165
  0.440592  0.409586
  0.763496  0.564695
  0.698022  0.544505
  0.503341  0.46953
  0.619209  0.691667
  0.702502  0.818409
  0.203831  0.380794
  0.925471  0.664173
  0.887294  0.66852
  0.85838  0.670155
  0.878897  0.735016
  0.705331  0.660031
  0.682597  0.712197
  0.37158  0.431487
  0.0994992  0.273376
  0.251441  0.397335
  0.29998  0.378928
  0.194507  0.349288
  0.492859  0.633683
  0.351639  0.369649
  0.565537  0.714417
  0.318244  0.463845
  0.226706  0.381214
  0.49443  0.515798
  0.439798  0.414947
  0.398892  0.433221
  0.704254  0.718095
  0.433393  0.489161
  0.481372  0.600931
  0.618059  0.629863
  0.364865  0.501792
  0.425521  0.416714
  0.320934  0.414936
  0.334309  0.421438
  0.657115  0.694408
  0.115589  0.271008
  0.564295  0.717187
  0.648761  0.754647
  0.81986  0.722123
  0.435495  0.534795
  0.0648062  0.252723
  0.556334  0.633497
  0.225173  0.368359
  0.829109  0.769695
  0.241022  0.384466
  0.602572  0.633546
  0.43172  0.449002
  0.69626  0.839116
  0.364088  0.399465
  0.768225  0.638733
  0.518714  0.465134
  0.127979  0.265216
  0.555488  0.541147
  0.737491  0.665589
  0.587443  0.690619
  0.0688731  0.240877
  0.757505  0.748564
  0.718252  0.596997
  0.863234  0.626693
  0.647615  0.514681
  0.833901  0.660267
  0.64317  0.525658
  0.415455  0.557108
  0.501591  0.550602
  0.560986  0.605713
  0.495253  0.544003
  0.455554  0.504921
  0.10988  0.258931
  0.374722  0.429277
  0.596179  0.74157
  0.826307  0.699258
  0.724476  0.697999
  0.600515  0.541309
  0.604747  0.738993
  0.30565  0.405072
  0.442228  0.485839
  0.490781  0.442164
  0.655999  0.699829
  0.664893  0.657222
  0.663232  0.808115
  0.662415  0.752095
  0.621856  0.504731
  0.483529  0.611685
  0.448368  0.527423
  0.824541  0.632195
  0.205062  0.304793
  0.690706  0.672516
  0.25393  0.371873
  0.497339  0.47601
  0.830024  0.698883
  0.656167  0.620643
  0.728506  0.570998
  0.40334  0.528233
  0.307081  0.41108
  0.260762  0.395581
  0.543916  0.529292
  0.033168  0.224331
  0.36437  0.528436
  0.889944  0.666365
  0.799512  0.623615
  0.78621  0.72041
  0.818633  0.600137
  0.858941  0.715279
  0.527917  0.599298
  0.527816  0.617959
  0.579397  0.51658
  0.559416  0.625329
  0.518575  0.677087
  0.665947  0.619284
  0.761691  0.778956
  0.683994  0.720206
  0.484352  0.617805
  0.734099  0.560984
  0.691026  0.742919
  0.387258  0.505113
  0.655037  0.683886
  0.725474  0.652019
  0.706074  0.775778
  0.863046  0.730773
  0.521493  0.538258
  0.640586  0.760234
  0.328843  0.415562
  0.264391  0.33036
  0.301016  0.42628
  0.690632  0.681518
  0.499796  0.475197
  0.863466  0.75113
  0.670008  0.679946
  0.599845  0.497124
  0.717508  0.659261
  0.331828  0.384221
  0.721111  0.759696
  0.739271  0.767139
  0.719783  0.561675
  0.287254  0.425102
  0.697205  0.709838
  0.787554  0.738133
  0.762042  0.840628
  0.402376  0.511078
  0.657612  0.529114
  0.832446  0.71943
  0.701104  0.705405
  0.644349  0.659852
  0.664972  0.515514
  0.492684  0.583199
  0.803413  0.752583
  0.671172  0.634048
  0.486892  0.558092
  0.225353  0.393841
  0.592689  0.488267
  0.541988  0.53815
  0.599429  0.533527
  0.204988  0.355498
  0.634812  0.521353
  0.319751  0.459856
  0.571436  0.714549
  0.260056  0.328335
  0.818244  0.662001
  0.635212  0.685529
  0.182338  0.366724
  0.698962  0.742978
  0.510012  0.476014
  0.56791  0.661802
  0.756734  0.644237
  0.759616  0.629961
  0.0930602  0.27025
  0.688729  0.559777
  0.851724  0.767894
  0.606449  0.490315
  0.541717  0.542708
  0.285804  0.387543
  0.598386  0.609136
  0.198807  0.355147
  0.428549  0.406158
  0.389314  0.410762
  0.280421  0.380708
  0.420683  0.407633
  0.540345  0.576119
  0.274984  0.355172
  0.809629  0.7329
  0.693983  0.772036
  0.670874  0.597002
  0.783829  0.827364
  0.511354  0.661601
  0.274212  0.450177
  0.591245  0.513406
  0.0938679  0.255497
  0.797349  0.815029
  0.725168  0.676108
  0.59597  0.518884
  0.642447  0.516009
  0.848282  0.617748
  0.706131  0.692871
  0.212078  0.364711
  0.629275  0.605899
  0.460807  0.49849
  0.169022  0.323264
  0.778629  0.81448
  0.755562  0.686347
  0.416214  0.554818
  0.678492  0.799796
  0.785847  0.835219
  0.5355  0.611856
  0.843782  0.731666
  0.718834  0.764738
  0.531574  0.633442
  0.653128  0.808744
  0.0543042  0.236205
  0.575959  0.666856
  0.45979  0.58561
  0.867696  0.742147
  0.108641  0.263036
  0.631096  0.769179
  0.701174  0.732734
  0.655322  0.654004
  0.0845222  0.242016
  0.578618  0.6025
  0.811344  0.660487
  0.399851  0.411911
  0.808336  0.628026
  0.631585  0.621188
  0.657982  0.650202
  0.69868  0.585858
  0.716083  0.719521
  0.189026  0.357944
  0.792155  0.623537
  0.721008  0.750067
  0.136185  0.326052
  0.733259  0.616676
  0.589993  0.493054
  0.710483  0.705648
  0.714192  0.733409
  0.735399  0.661597
  0.488033  0.605
  0.720725  0.745863
  0.829202  0.704194
  0.887558  0.626358
  0.427302  0.511185
  0.400136  0.503489
  0.637003  0.612404
  0.393454  0.551983
  0.512647  0.450259
  0.807149  0.708647
  0.542596  0.662574
  0.582596  0.613886
  0.475638  0.460767
  0.649992  0.689597
  0.556975  0.472106
  0.664048  0.708131
  0.790871  0.695929
  0.799621  0.746843
  0.704728  0.798497
  0.736915  0.861275
  0.43302  0.577781
  0.396566  0.533304
  0.275195  0.425492
  0.633037  0.519062
  0.784437  0.711809
  0.28442  0.405384
  0.233534  0.375269
  0.856469  0.666312
  0.872805  0.621202
  0.588992  0.729992
  0.85447  0.68126
  0.576064  0.521123
  0.593403  0.717259
  0.43228  0.475737
  0.668401  0.660562
  0.491828  0.47602
  0.717123  0.566416
  0.803136  0.755565
  0.746926  0.653965
  0.50651  0.666357
  0.830022  0.611935
  0.848299  0.640044
  0.512256  0.585177
  0.700596  0.552321
  0.176902  0.352236
  0.679186  0.790161
  0.534604  0.548791
  0.757629  0.833119
  0.439149  0.428932
  0.461022  0.629545
  0.507968  0.449845
  0.353244  0.411609
  0.557641  0.64238
  0.383209  0.465862
  0.891963  0.652142
  0.668156  0.734383
  0.563894  0.532988
  0.790041  0.666165
  0.594756  0.632569
  0.490856  0.468463
  0.455712  0.552496
  0.821966  0.627615
  0.648154  0.777515
  0.620843  0.758243
  0.709475  0.714643
  0.664898  0.814148
  0.445678  0.546355
  0.594864  0.597145
  0.862247  0.618589
  0.820475  0.809009
  0.704507  0.752207
  0.36539  0.482143
  0.688536  0.824671
  0.5315  0.633021
  0.752478  0.857642
  0.437736  0.459979
  0.331624  0.466557
  0.872905  0.716397
  0.726356  0.663034
  0.617059  0.641967
  0.57876  0.518389
  0.046326  0.230415
  0.606526  0.713146
  0.650349  0.76217
  0.494427  0.656181
  0.839715  0.69333
  0.622591  0.505276
  0.73433  0.570319
  0.517149  0.660497
  0.491645  0.451113
  0.683849  0.793666
  0.480065  0.556923
  0.531829  0.625431
  0.648115  0.729673
  0.939776  0.652938
  0.52584  0.53393
  0.866675  0.654508
  0.60558  0.591099
  0.872134  0.698057
  0.367168  0.437643
  0.475714  0.528988
  0.675741  0.754059
  0.733518  0.723568
  0.808392  0.591031
  0.882995  0.7001
  0.356854  0.418436
  0.374488  0.509308
  0.609696  0.751952
  0.932962  0.663353
  0.638825  0.593771
  0.323178  0.496948
  0.745909  0.646542
  0.727058  0.862788
  0.295182  0.416005
  0.631697  0.50969
  0.228399  0.324133
  0.795592  0.825928
  0.688017  0.713284
  0.515812  0.640936
  0.803667  0.828119
  0.0649852  0.232872
  0.545453  0.471462
  0.551254  0.615586
  0.744617  0.709697
  0.753152  0.863916
  0.701854  0.559564
  0.567186  0.595155
  0.69546  0.767034
  0.669323  0.579536
  0.880373  0.701103
  0.698511  0.61816
  0.529614  0.687534
  0.0301191  0.225962
  0.406691  0.496874
  0.506686  0.455667
  0.762744  0.597089
  0.697038  0.618952
  0.49797  0.585114
  0.642867  0.715526
  0.615584  0.724985
  0.468578  0.437545
  0.56129  0.559743
  0.360952  0.499034
  0.487204  0.599585
  0.742065  0.803036
  0.788582  0.77587
  0.713235  0.740048
  0.151572  0.290715
  0.852258  0.640196
  0.430629  0.563371
  0.920407  0.636386
  0.356392  0.411455
  0.498115  0.661065
  0.857142  0.746656
  0.759835  0.834147
  0.728949  0.788773
  0.750588  0.722343
  0.335686  0.381255
  0.672961  0.82642
  0.871566  0.735412
  0.602419  0.713209
  0.547003  0.604759
  0.609845  0.49438
  0.191108  0.325459
  0.515824  0.461563
  0.635409  0.721398
  0.544282  0.541165
  0.863367  0.626821
  0.725861  0.557044
  0.510818  0.556382
  0.345536  0.447452
  0.729257  0.673269
  0.505096  0.640687
  0.838214  0.628721
  0.78243  0.75013
  0.768217  0.795098
  0.231039  0.315625
  0.680848  0.650577
  0.495685  0.444309
  0.853522  0.70624
  0.698433  0.769488
  0.807776  0.817861
  0.849683  0.767399
  0.602284  0.624426
  0.425746  0.558394
  0.30444  0.367725
  0.688812  0.607954
  0.649628  0.701317
  0.691768  0.586627
  0.190845  0.326455
  0.711958  0.779362
  0.30335  0.421267
  0.698901  0.633472
  0.799859  0.65312
  0.799197  0.699648
  0.368154  0.376281
  0.807528  0.79975
  0.742495  0.676913
  0.573116  0.710666
  0.565997  0.646938
  0.40835  0.508296
  0.698018  0.726012
  0.90093  0.708924
  0.387484  0.551056
  0.810487  0.706488
  0.473852  0.572727
  0.596995  0.656781
  0.590551  0.694893
  0.319021  0.398108
  0.261801  0.347559
  0.512327  0.677743
  0.47406  0.482017
  0.73058  0.866389
  0.751053  0.735698
  0.899033  0.689909
  0.845795  0.642567
  0.781095  0.662034
  0.670684  0.718872
  0.38965  0.471429
  0.752513  0.879315
  0.375686  0.400965
  0.77976  0.846595
  0.691433  0.659182
  0.774945  0.699057
  0.41998  0.463157
  0.783181  0.609132
  0.77342  0.786884
  0.820641  0.62649
  0.869641  0.718182
  0.746393  0.632476
  0.846602  0.60138
  0.597486  0.707614
  0.834825  0.728578
  0.536565  0.67054
  0.761166  0.826916
  0.568197  0.493446
  0.409125  0.553336
  0.388223  0.423563
  0.228655  0.384499
  0.140714  0.289509
  0.79053  0.601064
  0.834652  0.669789
  0.700523  0.556911
  0.341025  0.385537
  0.42699  0.541205
  0.334931  0.373843
  0.763985  0.716845
