Tue Oct 19 17:32:31 2021

wedge_integrals_test():
  Python version: 3.6.9
  Test wedge_integrals().

wedge01_monomial_integral_test:
  Python version: 3.6.9
  wedge01_monomial_integral computes the integral of a monomial
  over the interior of the unit wedge in 3D.
  Compare with a Monte Carlo estimate.

  Number of sample points used is 500000

   E1  E2  E3     MC-Estimate      Exact           Error

   0   1   0          0.3333        0.333333     3.29808e-05
   1   1   0       0.0833539       0.0833333     2.05194e-05
   2   1   0       0.0333324       0.0333333     9.02934e-07
   3   1   0       0.0166571       0.0166667     9.61221e-06
   4   1   0      0.00951076      0.00952381     1.30468e-05
   5   1   0      0.00593852      0.00595238     1.38643e-05
   0   2   0        0.166699        0.166667     3.24093e-05
   1   2   0       0.0333654       0.0333333     3.21085e-05
   2   2   0       0.0111195       0.0111111      8.4375e-06
   3   2   0      0.00476308       0.0047619     1.17231e-06
   4   2   0      0.00237971      0.00238095     1.24508e-06
   0   3   0        0.100016             0.1     1.61517e-05
   1   3   0       0.0166925       0.0166667     2.58211e-05
   2   3   0      0.00476964       0.0047619     7.73522e-06
   3   3   0       0.0017881      0.00178571     2.38762e-06
   0   4   0       0.0666542       0.0666667     1.24446e-05
   1   4   0      0.00954119      0.00952381     1.73773e-05
   2   4   0       0.0023862      0.00238095     5.24637e-06
   0   5   0       0.0475828        0.047619     3.62236e-05
   1   5   0       0.0059634      0.00595238     1.10196e-05
   0   6   0        0.035661       0.0357143     5.32554e-05
   0   1   1     0.000105158               0     0.000105158
   1   1   1    -3.47689e-05               0     3.47689e-05
   2   1   1    -2.00416e-05               0     2.00416e-05
   3   1   1    -1.13215e-05               0     1.13215e-05
   4   1   1    -7.15794e-06               0     7.15794e-06
   0   2   1     7.74833e-05               0     7.74833e-05
   1   2   1    -1.80795e-05               0     1.80795e-05
   2   2   1    -9.29706e-06               0     9.29706e-06
   3   2   1    -3.98068e-06               0     3.98068e-06
   0   3   1     5.86086e-05               0     5.86086e-05
   1   3   1    -1.02154e-05               0     1.02154e-05
   2   3   1    -5.42978e-06               0     5.42978e-06
   0   4   1     5.04516e-05               0     5.04516e-05
   1   4   1    -5.16007e-06               0     5.16007e-06
   0   5   1     4.66765e-05               0     4.66765e-05
   0   1   2        0.111135        0.111111     2.35294e-05
   1   1   2       0.0278329       0.0277778     5.51208e-05
   2   1   2        0.011136       0.0111111     2.48675e-05
   3   1   2      0.00556599      0.00555556     1.04366e-05
   0   2   2       0.0555103       0.0555556     4.52341e-05
   1   2   2       0.0111312       0.0111111     2.00402e-05
   2   2   2      0.00371265       0.0037037      8.9509e-06
   0   3   2       0.0332577       0.0333333     7.56537e-05
   1   3   2      0.00556201      0.00555556     6.45201e-06
   0   4   2       0.0221349       0.0222222     8.73559e-05
   0   1   3    -3.88405e-05               0     3.88405e-05
   1   1   3    -6.83871e-05               0     6.83871e-05
   2   1   3    -3.66074e-05               0     3.66074e-05
   0   2   3     -2.3539e-05               0      2.3539e-05
   1   2   3    -3.07399e-05               0     3.07399e-05
   0   3   3    -1.57888e-05               0     1.57888e-05
   0   1   4       0.0667512       0.0666667     8.45167e-05
   1   1   4       0.0167237       0.0166667     5.70238e-05
   0   2   4        0.033334       0.0333333      7.0229e-07
   0   1   5    -5.12634e-05               0     5.12634e-05

wedge01_monomial_integral_test:
  Normal end of execution.

wedge01_sample_test
  Python version: 3.6.9
  wedge01_sample samples the unit wedge.

  sample points in the unit wedge.

  Row:       0             1             2       
  Col
      0 :    0.275873       0.71883      0.374974  
      1 :    0.225606      0.535126     -0.284954  
      2 :   0.0168659      0.790955      0.694101  
      3 :    0.805998      0.183393     -0.851312  
      4 :    0.671904      0.100958      0.949974  
      5 :    0.091888     0.0112184     -0.733564  
      6 :    0.312369      0.334275     -0.414488  
      7 :    0.635501      0.281837      0.783076  
      8 :  0.00976631       0.14899      0.442098  
      9 :    0.876811     0.0219558      0.959799  

wedge01_sample_test
  Normal end of execution.

wedge01_volume_test
  Python version: 3.6.9
  wedge01_volume returns the volume of the unit wedge.

  wedge01_volume() = 1

wedge01_volume_test
  Normal end of execution.

wedge_integrals_test():
  Normal end of execution.
Tue Oct 19 17:33:13 2021
