Tue Oct 19 11:51:37 2021

gegenbauer_polynomial_test
  Python version: 3.6.9
  Test the gegenbauer_polynomial library.

gegenbauer_alpha_check_test
  Python version: 3.6.9
  gegenbauer_alpha_check checks that ALPHA is legal;

       ALPHA       Check?

      1.4271        True
     -3.5228       False
     -2.9619       False
      2.1065        True
     -4.9930       False
      0.5974        True
     -3.4243       False
     -2.7460       False
      0.3797        True
     -0.9032       False

gegenbauer_alpha_check_test
  Normal end of execution.

gegenbauer_ek_compute_test
  Python version: 3.6.9
  gegenbauer_ek_compute computes Gauss-Gegenbauer rules

  Abscissas and weights for a generalized Gauss Gegenbauer rule
  with ALPHA = 0.5
  Integration interval is [-1,+1]

   0         1.570796326794896                         0

   0        0.7853981633974479       -0.4999999999999999
   1        0.7853981633974479        0.4999999999999999

   0        0.3926990816987242       -0.7071067811865476
   1        0.7853981633974486     4.837676228855989e-17
   2        0.3926990816987246        0.7071067811865474

   0        0.2170787134227058       -0.8090169943749473
   1         0.568319449974742       -0.3090169943749473
   2         0.568319449974742        0.3090169943749473
   3        0.2170787134227059        0.8090169943749475

   0        0.1308996938995747       -0.8660254037844385
   1        0.3926990816987242       -0.4999999999999998
   2        0.5235987755982985     1.884809048867118e-17
   3        0.3926990816987244                       0.5
   4        0.1308996938995747        0.8660254037844383

   0       0.08448869089158863       -0.9009688679024193
   1        0.2743330560697775       -0.6234898018587333
   2        0.4265764164360817       -0.2225209339563144
   3        0.4265764164360814        0.2225209339563145
   4        0.2743330560697778        0.6234898018587334
   5        0.0844886908915886         0.900968867902419

   0       0.05750944903191324       -0.9238795325112866
   1        0.1963495408493619       -0.7071067811865474
   2        0.3351896326668111       -0.3826834323650896
   3        0.3926990816987238     2.455208374201258e-17
   4        0.3351896326668113        0.3826834323650897
   5        0.1963495408493623        0.7071067811865471
   6       0.05750944903191312        0.9238795325112868

   0       0.04083294770910709       -0.9396926207859084
   1        0.1442256007956729       -0.7660444431189782
   2        0.2617993877991495       -0.4999999999999999
   3        0.3385402270935186       -0.1736481776669303
   4        0.3385402270935182        0.1736481776669304
   5        0.2617993877991489                       0.5
   6        0.1442256007956726        0.7660444431189781
   7       0.04083294770910743        0.9396926207859085

   0       0.02999954037160816       -0.9510565162951534
   1        0.1085393567113531       -0.8090169943749473
   2        0.2056199086476265        -0.587785252292473
   3        0.2841597249873712       -0.3090169943749474
   4        0.3141592653589786    -8.481943400504541e-17
   5        0.2841597249873711        0.3090169943749473
   6        0.2056199086476267        0.5877852522924731
   7        0.1085393567113536        0.8090169943749473
   8       0.02999954037160816        0.9510565162951534

   0       0.02266894250185888       -0.9594929736144975
   1       0.08347854093418892       -0.8412535328311812
   2        0.1631221774548166        -0.654860733945285
   3        0.2363135602034875       -0.4154150130018863
   4        0.2798149423030963       -0.1423148382732852
   5        0.2798149423030966        0.1423148382732851
   6        0.2363135602034878        0.4154150130018863
   7        0.1631221774548166        0.6548607339452849
   8       0.08347854093418941        0.8412535328311812
   9       0.02266894250185881        0.9594929736144975

gegenbauer_ek_compute_test
  Normal end of execution.

gegenbauer_integral_test
  Python version: 3.6.9
  gegenbauer_integral evaluates
  Integral ( -1 < x < +1 ) x^n * (1-x*x)^alpha dx

         N         Value

         0         1.748038369528081
         1                         0
         2        0.4994395341508805
         3                         0
         4        0.2724215640822983
         5                         0
         6        0.1816143760548655
         7                         0
         8        0.1338211191983219
         9                         0
        10        0.1047295715465128

gegenbauer_integral_test
  Normal end of execution.

gegenbauer_polynomial_value_test:
  Python version: 3.6.9
  gegenbauer_polynomial_value evaluates the Gegenbauer polynomial.

       M     ALPHA         X           GPV    GEGENBAUER

       0      0.50      0.20      1.000000      1.000000
       1      0.50      0.20      0.200000      0.200000
       2      0.50      0.20     -0.440000     -0.440000
       3      0.50      0.20     -0.280000     -0.280000
       4      0.50      0.20      0.232000      0.232000
       5      0.50      0.20      0.307520      0.307520
       6      0.50      0.20     -0.080576     -0.080576
       7      0.50      0.20     -0.293517     -0.293517
       8      0.50      0.20     -0.039565     -0.039565
       9      0.50      0.20      0.245971      0.245957
      10      0.50      0.20      0.129072      0.129072
       2      0.00      0.40      0.000000      0.000000
       2      1.00      0.40     -0.360000     -0.360000
       2      2.00      0.40     -0.080000     -0.080000
       2      3.00      0.40      0.840000      0.840000
       2      4.00      0.40      2.400000      2.400000
       2      5.00      0.40      4.600000      4.600000
       2      6.00      0.40      7.440000      7.440000
       2      7.00      0.40     10.920000     10.920000
       2      8.00      0.40     15.040000     15.040000
       2      9.00      0.40     19.800000     19.800000
       2     10.00      0.40     25.200000     25.200000
       5      3.00     -0.50     -9.000000      9.000000
       5      3.00     -0.40     -0.161280     -0.161280
       5      3.00     -0.30     -6.672960     -6.672960
       5      3.00     -0.20     -8.375040     -8.375040
       5      3.00     -0.10     -5.526720     -5.526720
       5      3.00      0.00      0.000000      0.000000
       5      3.00      0.10      5.526720      5.526720
       5      3.00      0.20      8.375040      8.375040
       5      3.00      0.30      6.672960      6.672960
       5      3.00      0.40      0.161280      0.161280
       5      3.00      0.50     -9.000000     -9.000000
       5      3.00      0.60    -15.425280    -15.425280
       5      3.00      0.70     -9.696960     -9.696960
       5      3.00      0.80     22.440960     22.440960
       5      3.00      0.90    100.889280    100.889280
       5      3.00      1.00    252.000000    252.000000

gegenbauer_polynomial_value_test:
  Normal end of execution.

gegenbauer_ss_compute_test
  Python version: 3.6.9
  gegenbauer_ss_compute computes Gauss-Gegenbauer rules;

  Abscissas and weights for a generalized Gauss Gegenbauer rule
  with ALPHA = 0.5

   #                         W                         X


   0         1.570796326794896                         0

   0        0.7853981633974482                      -0.5
   1        0.7853981633974482                       0.5

   0        0.3926990816987238       -0.7071067811865475
   1        0.7853981633974482                         0
   2        0.3926990816987238        0.7071067811865475

   0         0.217078713422706       -0.8090169943749475
   1        0.5683194499747423       -0.3090169943749475
   2        0.5683194499747423        0.3090169943749474
   3         0.217078713422706        0.8090169943749475

   0         0.130899693899574       -0.8660254037844387
   1        0.3926990816987241                      -0.5
   2        0.5235987755982988                         0
   3        0.3926990816987241                       0.5
   4        0.1308996938995749        0.8660254037844387

   0       0.08448869089158838       -0.9009688679024191
   1        0.2743330560697776       -0.6234898018587335
   2        0.4265764164360818       -0.2225209339563144
   3        0.4265764164360818        0.2225209339563144
   4        0.2743330560697776        0.6234898018587335
   5       0.08448869089158882         0.900968867902419

   0        0.0575094490319133       -0.9238795325112867
   1        0.1963495408493618       -0.7071067811865475
   2         0.335189632666811       -0.3826834323650898
   3        0.3926990816987241                         0
   4        0.3351896326668108        0.3826834323650898
   5        0.1963495408493623        0.7071067811865476
   6        0.0575094490319133        0.9238795325112867

   0       0.04083294770910692       -0.9396926207859084
   1        0.1442256007956727        -0.766044443118978
   2        0.2617993877991494                      -0.5
   3        0.3385402270935189       -0.1736481776669303
   4        0.3385402270935189        0.1736481776669303
   5        0.2617993877991494                       0.5
   6        0.1442256007956727         0.766044443118978
   7       0.04083294770910752        0.9396926207859084

   0        0.0299995403716084       -0.9510565162951536
   1         0.108539356711353       -0.8090169943749475
   2        0.2056199086476263       -0.5877852522924731
   3        0.2841597249873711       -0.3090169943749475
   4        0.3141592653589793                         0
   5        0.2841597249873712        0.3090169943749475
   6        0.2056199086476263        0.5877852522924731
   7         0.108539356711353        0.8090169943749475
   8        0.0299995403716084        0.9510565162951536

   0         0.022668942501859       -0.9594929736144974
   1        0.0834785409341889       -0.8412535328311812
   2        0.1631221774548165       -0.6548607339452851
   3        0.2363135602034873       -0.4154150130018864
   4        0.2798149423030964       -0.1423148382732851
   5        0.2798149423030964        0.1423148382732851
   6        0.2363135602034873        0.4154150130018864
   7        0.1631221774548165        0.6548607339452851
   8        0.0834785409341889        0.8412535328311812
   9         0.022668942501859        0.9594929736144974

gegenbauer_ss_compute_test:
  Normal end of execution.

imtqlx_test
  Python version: 3.6.9
  imtqlx takes a symmetric tridiagonal matrix A
  and computes its eigenvalues LAM.
  It also accepts a vector Z and computes Q'*Z,
  where Q is the matrix that diagonalizes A.

  Computed eigenvalues:

     0:      0.267949
     1:             1
     2:             2
     3:             3
     4:       3.73205

  Exact eigenvalues:

     0:      0.267949
     1:             1
     2:             2
     3:             3
     4:       3.73205

  Vector Z:

     0:             1
     1:             1
     2:             1
     3:             1
     4:             1

  Vector Q*Z:

     0:       -2.1547
     1:   -1.8855e-16
     2:       0.57735
     3:   1.66533e-16
     4:     -0.154701

imtqlx_test:
  Normal end of execution.

r8_hyper_2f1_test
  Python version: 3.6.9
  r8_hyper_2f1 evaluates the hypergeometric 2F1 function.

      A       B       C       X       2F1                       2F1                     DIFF
                                     
(tabulated)               (computed)

    -2.5     3.3     6.7    0.25                  0.723561                  0.723561  2.22045e-16
    -0.5     1.1     6.7    0.25                  0.979111                  0.979111  1.11022e-16
     0.5     1.1     6.7    0.25                   1.02166                   1.02166           0
     2.5     3.3     6.7    0.25                   1.40516                   1.40516  4.44089e-16
    -2.5     3.3     6.7    0.55                  0.469614                  0.469614  5.55112e-17
    -0.5     1.1     6.7    0.55                  0.952962                  0.952962  3.33067e-16
     0.5     1.1     6.7    0.55                   1.05128                   1.05128  8.88178e-16
     2.5     3.3     6.7    0.55                   2.39991                   2.39991  1.77636e-15
    -2.5     3.3     6.7    0.85                  0.291061                  0.291061  2.77556e-16
    -0.5     1.1     6.7    0.85                   0.92537                   0.92537           0
     0.5     1.1     6.7    0.85                   1.08655                   1.08655  2.22045e-16
     2.5     3.3     6.7    0.85                   5.73816                   5.73816  1.98064e-13
     3.3     6.7    -5.5    0.25                   15090.7                   15090.7  1.09139e-11
     1.1     6.7    -0.5    0.25                  -104.312                  -104.312  2.84217e-14
     1.1     6.7     0.5    0.25                   21.1751                   21.1751  1.06581e-14
     3.3     6.7     4.5    0.25                   4.19469                   4.19469  8.88178e-16
     3.3     6.7    -5.5    0.55               1.01708e+10               1.01708e+10  1.14441e-05
     1.1     6.7    -0.5    0.55                  -24708.6                  -24708.6  1.81899e-11
     1.1     6.7     0.5    0.55                   1372.23                   1372.23  2.27374e-12
     3.3     6.7     4.5    0.55                   58.0927                   58.0927  2.84217e-14
     3.3     6.7    -5.5    0.85               5.86821e+18               5.86821e+18       16384
     1.1     6.7    -0.5    0.85               -4.4635e+08               -4.4635e+08  1.78814e-07
     1.1     6.7     0.5    0.85               5.38351e+06               5.38351e+06  2.79397e-09
     3.3     6.7     4.5    0.85                   20396.9                   20396.9  2.54659e-11

r8_hyper_2f1_test
  Normal end of execution.

r8_psi_test:
  Python version: 3.6.9
  r8_psi evaluates the PSI function.

      X            PSI(X)    r8_psi(X)

           0.1        -10.42375494041108        -10.42375494041108
           0.2        -5.289039896592188        -5.289039896592188
           0.3        -3.502524222200133        -3.502524222200133
           0.4        -2.561384544585116        -2.561384544585116
           0.5        -1.963510026021423        -1.963510026021424
           0.6         -1.54061921389319        -1.540619213893191
           0.7        -1.220023553697935        -1.220023553697935
           0.8       -0.9650085667061385       -0.9650085667061382
           0.9       -0.7549269499470515       -0.7549269499470511
             1       -0.5772156649015329       -0.5772156649015329
           1.1       -0.4237549404110768       -0.4237549404110768
           1.2       -0.2890398965921883       -0.2890398965921884
           1.3       -0.1691908888667997       -0.1691908888667995
           1.4      -0.06138454458511615      -0.06138454458511624
           1.5       0.03648997397857652       0.03648997397857652
           1.6        0.1260474527734763        0.1260474527734763
           1.7         0.208547874873494         0.208547874873494
           1.8        0.2849914332938615        0.2849914332938615
           1.9        0.3561841611640597        0.3561841611640596
             2        0.4227843350984671        0.4227843350984672

r8_psi_test
  Normal end of execution.

gegenbauer_polynomial_test:
  Normal end of execution.
Tue Oct 19 11:51:37 2021
