  0.550234  0.71194
  0.622318  0.522906
  0.674548  0.618395
  0.587007  0.552952
  0.27156  0.426552
  0.562753  0.503953
  0.772699  0.825049
  0.685534  0.569949
  0.734121  0.740075
  0.640335  0.714694
  0.872202  0.640804
  0.280799  0.36745
  0.866469  0.635209
  0.727962  0.578012
  0.886903  0.67104
  0.746414  0.854241
  0.721457  0.873263
  0.660162  0.694052
  0.302287  0.450271
  0.631201  0.725457
  0.541436  0.467981
  0.711764  0.544313
  0.570691  0.640475
  0.292642  0.381079
  0.785012  0.848846
  0.431131  0.434951
  0.788326  0.601601
  0.343462  0.520186
  0.518788  0.51747
  0.717247  0.836353
  0.754174  0.739268
  0.252231  0.379927
  0.585796  0.728567
  0.622597  0.577439
  0.764409  0.736739
  0.648929  0.70633
  0.87176  0.728259
  0.61016  0.542667
  0.80285  0.738648
  0.647875  0.523893
  0.351488  0.49515
  0.179211  0.329845
  0.408299  0.447331
  0.641426  0.675743
  0.501096  0.601541
  0.690506  0.733426
  0.806861  0.827409
  0.641237  0.66791
  0.712801  0.845911
  0.818459  0.762481
  0.738211  0.732234
  0.596834  0.737117
  0.831713  0.673518
  0.675679  0.56031
  0.347365  0.382709
  0.721896  0.737027
  0.677397  0.53136
  0.465814  0.573864
  0.782145  0.821229
  0.563811  0.570592
  0.187524  0.345087
  0.71793  0.613335
  0.166559  0.312478
  0.720034  0.713651
  0.780666  0.582391
  0.477559  0.573594
  0.618226  0.647937
  0.855016  0.706829
  0.713174  0.755274
  0.921071  0.662495
  0.694213  0.706001
  0.855003  0.697928
  0.617753  0.665014
  0.596137  0.559847
  0.570646  0.473226
  0.562802  0.513164
  0.219461  0.359538
  0.659891  0.601305
  0.639169  0.785295
  0.408808  0.535907
  0.203905  0.316329
  0.578027  0.660078
  0.521406  0.447781
  0.658161  0.604469
  0.836517  0.647183
  0.86697  0.682992
  0.339645  0.378923
  0.780557  0.708873
  0.591962  0.579052
  0.520033  0.587327
  0.332809  0.412709
  0.6055  0.645195
  0.725131  0.624335
  0.675779  0.524346
  0.540134  0.702997
  0.627315  0.751085
  0.233493  0.334311
  0.448033  0.462123
  0.608089  0.720383
  0.450324  0.560254
  0.39221  0.429345
  0.461128  0.628456
  0.341881  0.482536
  0.356671  0.382339
  0.748413  0.87533
  0.930643  0.651533
  0.525864  0.644265
  0.409959  0.456397
  0.792123  0.671127
  0.408735  0.446121
  0.218808  0.305576
  0.354194  0.518728
  0.880247  0.69053
  0.200721  0.386424
  0.365373  0.393419
  0.690581  0.710308
  0.746084  0.659727
  0.621514  0.711437
  0.17898  0.365252
  0.855536  0.647649
  0.201344  0.342592
  0.465283  0.527969
  0.77809  0.781929
  0.404349  0.431321
  0.543398  0.622759
  0.689231  0.657532
  0.271091  0.334518
  0.582039  0.543387
  0.390302  0.521468
  0.725998  0.827454
  0.652791  0.668618
  0.768631  0.619662
  0.918209  0.666862
  0.781597  0.841
  0.0406364  0.22373
  0.581427  0.494324
  0.692398  0.734056
  0.82703  0.6847
  0.564029  0.72137
  0.711378  0.580859
  0.741841  0.659809
  0.722277  0.832168
  0.69356  0.67436
  0.747177  0.560048
  0.546367  0.57403
  0.304956  0.38294
  0.819541  0.728987
  0.755027  0.689232
  0.828286  0.700835
  0.698123  0.587734
  0.798112  0.724654
  0.749607  0.565596
  0.22009  0.325714
  0.200279  0.297172
  0.568917  0.553787
  0.137289  0.267669
  0.892053  0.692406
  0.72683  0.729263
  0.583756  0.550936
  0.65011  0.693598
  0.590149  0.645329
  0.253189  0.428402
  0.332368  0.47784
  0.574544  0.600115
  0.75195  0.866973
  0.69162  0.598952
  0.594626  0.714195
  0.304893  0.440641
  0.57615  0.563641
  0.836583  0.659155
  0.285402  0.402661
  0.589427  0.642545
  0.546792  0.664982
  0.60183  0.680068
  0.699875  0.674769
  0.69643  0.600466
  0.279407  0.423394
  0.0690909  0.233224
  0.493679  0.569637
  0.209987  0.394067
  0.187763  0.3714
  0.635781  0.759831
  0.13283  0.314999
  0.441841  0.494128
  0.304062  0.48328
  0.570967  0.590497
  0.811937  0.608124
  0.245508  0.322959
  0.595999  0.744515
  0.452735  0.454431
  0.640022  0.538202
  0.662699  0.536964
  0.485288  0.514457
  0.816044  0.744892
  0.282449  0.445096
  0.829078  0.660392
  0.88096  0.671298
  0.418114  0.559373
  0.570798  0.492295
  0.775782  0.860601
  0.763432  0.694058
  0.430667  0.514836
  0.493321  0.462286
  0.719682  0.818075
  0.767735  0.587414
  0.835872  0.705833
  0.7859  0.827337
  0.669534  0.805205
  0.89674  0.641821
  0.6918  0.831888
  0.746367  0.58696
  0.239581  0.382302
  0.876703  0.731308
  0.836172  0.731477
  0.742452  0.60306
  0.590227  0.60806
  0.794569  0.790302
  0.541547  0.703629
  0.727891  0.834576
  0.52039  0.647915
  0.621864  0.524886
  0.787538  0.647724
  0.454319  0.444923
  0.869689  0.74371
  0.569933  0.534473
  0.578443  0.621565
  0.641874  0.61004
  0.775296  0.634223
  0.600746  0.690685
  0.428349  0.408441
  0.676856  0.577077
  0.229618  0.329523
  0.568116  0.702725
  0.7662  0.79992
  0.464776  0.619765
  0.338995  0.364502
  0.738213  0.683484
  0.41976  0.532742
  0.259381  0.42563
  0.430183  0.544326
  0.406185  0.515145
  0.810474  0.76076
  0.692994  0.843827
  0.691521  0.838359
  0.581317  0.633586
  0.85317  0.618026
  0.455591  0.611396
  0.620432  0.495014
  0.544754  0.52669
  0.805653  0.610565
  0.770593  0.576906
  0.371747  0.422971
  0.693851  0.822348
  0.818164  0.601967
  0.439064  0.499158
  0.892841  0.684567
  0.628331  0.692662
  0.392833  0.429517
  0.812801  0.802144
  0.545951  0.561629
  0.801235  0.584272
  0.234694  0.377596
  0.822435  0.801077
  0.615087  0.551664
  0.139718  0.325494
  0.547057  0.581012
  0.097069  0.266526
  0.32664  0.366446
  0.620555  0.52525
  0.387295  0.553818
  0.399259  0.52546
  0.571614  0.529664
  0.178959  0.32682
  0.474057  0.496989
  0.546452  0.506518
  0.775626  0.826866
  0.793675  0.615462
  0.425486  0.535029
  0.315027  0.352373
  0.395046  0.565974
  0.509116  0.605637
  0.804867  0.655843
  0.905783  0.680345
  0.207394  0.353453
  0.66124  0.618154
  0.369859  0.493611
  0.763353  0.866699
  0.378123  0.527334
  0.793724  0.813466
  0.725778  0.606185
  0.495633  0.515913
  0.637989  0.626562
  0.64675  0.70147
  0.714522  0.659078
  0.70902  0.612275
  0.583892  0.698439
  0.648097  0.791702
  0.586445  0.742725
  0.657828  0.621623
  0.758627  0.570902
  0.131088  0.30399
  0.735351  0.76287
  0.72303  0.821845
  0.21518  0.387998
  0.464632  0.451304
  0.796866  0.636136
  0.898231  0.639414
  0.544993  0.686313
  0.750008  0.677627
  0.638851  0.620186
  0.572586  0.715903
  0.871096  0.727811
  0.719056  0.778752
  0.549362  0.567657
  0.720201  0.862205
  0.777372  0.693962
  0.892194  0.659742
  0.773659  0.582305
  0.732989  0.741762
  0.813295  0.778026
  0.166994  0.319863
  0.73356  0.880806
  0.889257  0.677943
  0.0571382  0.235499
  0.488114  0.453656
  0.497933  0.500702
  0.532653  0.503373
  0.532835  0.689278
  0.657428  0.577241
  0.306057  0.413101
  0.216868  0.400864
  0.317394  0.417938
  0.869351  0.646895
  0.619568  0.589927
  0.694885  0.668203
  0.375555  0.378037
  0.317651  0.378361
  0.567805  0.534387
  0.594582  0.750911
  0.614138  0.614817
  0.802242  0.704429
  0.400012  0.397166
  0.570931  0.601635
  0.678797  0.792749
  0.28321  0.43202
  0.625309  0.619943
  0.699645  0.722375
  0.517682  0.620731
  0.612781  0.533888
  0.767579  0.808832
  0.397724  0.474765
  0.621557  0.676498
  0.777148  0.857881
  0.712037  0.763276
  0.552833  0.590006
  0.878274  0.723639
  0.376989  0.550385
  0.681477  0.671619
  0.584298  0.603663
  0.436649  0.585068
  0.554529  0.48114
  0.684548  0.798018
  0.408003  0.413379
  0.843011  0.766955
  0.253996  0.394508
  0.0655241  0.237838
  0.581036  0.673438
  0.594746  0.724176
  0.772043  0.857569
  0.380807  0.514242
  0.471818  0.429482
  0.887906  0.698675
  0.881517  0.619511
  0.733748  0.842235
  0.642335  0.646712
  0.380853  0.511797
  0.740843  0.679286
  0.570472  0.706407
  0.439941  0.608513
  0.697409  0.846349
  0.715753  0.602848
  0.364561  0.484724
  0.75901  0.748921
  0.771667  0.756812
  0.701184  0.637325
  0.344713  0.424567
  0.703417  0.551128
  0.553317  0.478608
  0.487875  0.541187
  0.689353  0.785717
  0.518103  0.656839
  0.883996  0.719394
  0.502753  0.587881
  0.544192  0.663128
  0.537915  0.516951
  0.407759  0.405783
  0.851467  0.757361
  0.433429  0.440694
  0.566187  0.525125
  0.588743  0.534394
  0.433993  0.515466
  0.721343  0.60173
  0.600253  0.645502
  0.567332  0.529653
  0.138215  0.30486
  0.377712  0.453049
  0.38255  0.518281
  0.364722  0.402542
  0.274582  0.346974
  0.835466  0.782587
  0.687493  0.540691
  0.611863  0.710366
  0.592532  0.559804
  0.459418  0.437457
  0.72163  0.620553
  0.066698  0.237699
  0.202903  0.318495
  0.725299  0.703511
  0.346735  0.491977
  0.670393  0.539498
  0.523353  0.6817
  0.152495  0.27331
  0.78627  0.721481
  0.637715  0.603835
  0.374622  0.495361
  0.194318  0.341803
  0.100859  0.288147
  0.645783  0.737007
  0.644966  0.577723
  0.809053  0.76099
  0.243433  0.407925
  0.655807  0.801395
  0.838014  0.627955
  0.519272  0.461044
  0.759974  0.793678
  0.638869  0.739097
  0.782877  0.814267
  0.314914  0.478299
  0.653609  0.586293
  0.270423  0.431255
  0.185388  0.343749
  0.609665  0.504702
  0.442385  0.441385
  0.727912  0.657632
  0.335872  0.499556
  0.478616  0.429138
  0.61547  0.512461
  0.143482  0.296858
  0.658986  0.654153
  0.637587  0.738078
  0.900604  0.648014
  0.313762  0.450156
  0.698326  0.777376
  0.507906  0.544631
  0.146782  0.309775
  0.891646  0.654144
  0.691684  0.72378
  0.543027  0.617379
  0.739881  0.620482
  0.577407  0.50625
  0.832899  0.598921
  0.834179  0.768215
  0.301488  0.471849
  0.342755  0.505179
  0.328697  0.398307
  0.630286  0.5618
  0.0809933  0.269548
  0.246268  0.383092
  0.102739  0.288382
  0.846486  0.676662
  0.118793  0.271096
  0.71282  0.850578
  0.832407  0.792035
  0.859161  0.74346
  0.520909  0.624474
  0.39812  0.436337
  0.189207  0.334043
  0.771788  0.802458
  0.454432  0.509342
  0.63696  0.657566
  0.441191  0.540201
  0.0311485  0.220261
  0.692048  0.806638
  0.776066  0.679125
  0.358354  0.526379
  0.506178  0.63976
  0.301213  0.414788
  0.602134  0.493063
  0.549492  0.549409
  0.643852  0.613626
  0.575834  0.59276
  0.612019  0.556272
  0.49765  0.623691
  0.598486  0.653413
  0.685954  0.656244
  0.26668  0.333287
  0.791515  0.59725
  0.481126  0.593922
  0.922398  0.669842
  0.704222  0.748723
  0.760266  0.803703
  0.564476  0.602024
  0.571783  0.717328
  0.651913  0.615563
  0.871046  0.617652
  0.481516  0.626803
  0.684045  0.539475
  0.157423  0.283383
  0.435949  0.527406
  0.894774  0.709161
  0.748129  0.719446
  0.672534  0.73565
  0.517535  0.609734
  0.574453  0.608437
  0.732664  0.881554
  0.463992  0.439074
  0.06672  0.232953
  0.498464  0.647915
  0.53478  0.625082
  0.324178  0.445562
  0.513819  0.64852
  0.780652  0.749043
  0.781801  0.797722
  0.605721  0.619045
  0.248246  0.373483
  0.593165  0.61602
  0.830303  0.743762
  0.733014  0.82222
  0.734284  0.738192
  0.725163  0.773844
  0.617156  0.626524
  0.765243  0.699696
  0.57023  0.589624
  0.390439  0.456655
  0.247211  0.415969
  0.588605  0.520733
  0.373579  0.483743
  0.727428  0.611153
  0.655544  0.629571
  0.818782  0.620884
  0.345845  0.504517
  0.467578  0.524196
  0.555052  0.696985
  0.375287  0.438447
  0.692456  0.627086
  0.110989  0.263642
  0.489494  0.451606
  0.770571  0.731626
  0.736359  0.867471
  0.74168  0.671344
  0.65531  0.723978
  0.639947  0.642026
  0.7032  0.856319
  0.511137  0.648857
  0.818286  0.789914
  0.410679  0.427498
  0.273218  0.431684
  0.238849  0.386189
  0.542023  0.469015
  0.648579  0.708436
  0.26547  0.423582
  0.559718  0.555426
  0.611104  0.512178
  0.582881  0.664406
  0.4934  0.640684
  0.444236  0.571915
  0.677526  0.630094
  0.78097  0.609907
  0.344863  0.47698
  0.731812  0.592492
  0.535242  0.548389
  0.852462  0.626448
  0.407879  0.53614
  0.646956  0.666173
  0.253391  0.40894
  0.355856  0.45933
  0.505762  0.477561
  0.554322  0.55983
  0.486265  0.544956
  0.465651  0.616603
  0.622278  0.649652
  0.416591  0.404795
  0.358241  0.503245
  0.815291  0.632962
  0.472138  0.532461
  0.709408  0.850366
  0.80707  0.739072
  0.864765  0.628322
  0.110909  0.263286
  0.541447  0.658233
  0.420519  0.559725
  0.34409  0.49273
  0.513031  0.573989
  0.5223  0.55662
  0.413306  0.435215
  0.591614  0.707794
  0.490826  0.53107
  0.181434  0.310051
  0.728858  0.616486
  0.323766  0.465057
  0.465096  0.580257
  0.729922  0.705774
  0.524739  0.633206
  0.719046  0.848222
  0.729508  0.868676
  0.299799  0.348339
  0.610179  0.749375
  0.759489  0.81573
  0.891692  0.69684
  0.789879  0.727547
  0.711315  0.615092
  0.573474  0.490743
  0.880742  0.680015
  0.675207  0.694172
  0.89489  0.696561
  0.816195  0.611785
  0.861651  0.690549
  0.715058  0.605372
  0.407727  0.568732
  0.308328  0.390221
  0.906639  0.692961
  0.720162  0.576502
  0.751501  0.639591
  0.712664  0.682872
  0.521508  0.618699
  0.571111  0.600814
  0.152701  0.308692
  0.452905  0.478206
  0.0657286  0.231561
  0.767072  0.86458
  0.565018  0.567116
  0.302129  0.368278
  0.590438  0.649833
  0.429528  0.590285
  0.924258  0.666979
  0.279692  0.335437
  0.524752  0.689534
  0.787894  0.668647
  0.00745795  0.203933
  0.734575  0.705875
  0.649367  0.729213
  0.594011  0.681597
  0.65459  0.548639
  0.591352  0.725918
  0.455031  0.502447
  0.416635  0.485406
  0.623861  0.722317
  0.641521  0.648434
  0.9053  0.682269
  0.709811  0.749013
  0.486707  0.653852
  0.731359  0.877459
  0.66022  0.748025
  0.471461  0.488958
  0.767387  0.569014
  0.701977  0.816157
  0.372572  0.487831
  0.817057  0.655606
  0.749161  0.564061
  0.588653  0.588348
  0.47187  0.620524
  0.298354  0.410028
  0.439106  0.488489
  0.499056  0.447769
  0.155428  0.335241
  0.742065  0.794746
  0.797307  0.706363
  0.255265  0.411644
  0.862235  0.69521
  0.862459  0.636659
  0.678131  0.732178
  0.571526  0.662115
  0.341596  0.418915
  0.427966  0.560209
  0.711837  0.683729
  0.333899  0.40693
  0.757126  0.633889
  0.245971  0.356388
  0.809297  0.804824
  0.479638  0.428335
  0.665959  0.803868
  0.871718  0.687099
  0.725443  0.825293
  0.266517  0.358181
  0.627563  0.505466
  0.811363  0.741428
  0.382556  0.516394
  0.748374  0.801346
  0.212488  0.335886
  0.619339  0.541553
  0.518475  0.607997
  0.778793  0.788615
  0.591498  0.641119
  0.755361  0.667581
  0.285529  0.440525
  0.812311  0.613176
  0.641667  0.588649
  0.660804  0.571324
  0.696933  0.636185
  0.339916  0.361755
  0.774565  0.726742
  0.176493  0.348939
  0.439656  0.515183
  0.351234  0.434396
  0.72748  0.7302
  0.284877  0.435246
  0.560452  0.689243
  0.671722  0.79606
  0.392607  0.411948
  0.359651  0.418483
  0.82009  0.606302
  0.456794  0.580124
  0.259654  0.434456
  0.582135  0.493808
  0.485676  0.641242
  0.825451  0.742503
  0.774728  0.821096
  0.58466  0.72481
  0.649409  0.538122
  0.725486  0.601437
  0.758166  0.826755
  0.757297  0.861465
  0.0832066  0.25654
  0.697651  0.774622
  0.56411  0.590967
  0.604674  0.704653
  0.64823  0.726012
  0.700826  0.776054
  0.270118  0.427526
  0.574507  0.684046
  0.504862  0.519323
  0.745778  0.656316
  0.779592  0.811427
  0.731419  0.677358
  0.791382  0.636731
  0.617381  0.683875
  0.450247  0.426271
  0.0615115  0.252506
  0.683015  0.552378
  0.580905  0.698649
  0.811607  0.676936
  0.619018  0.53245
  0.472815  0.585966
  0.60845  0.490132
  0.0495344  0.238084
  0.760694  0.718269
  0.814281  0.594274
  0.059464  0.230901
  0.414771  0.556298
  0.580435  0.580525
  0.738524  0.651072
  0.238943  0.383567
  0.54252  0.668471
  0.45515  0.49366
  0.841792  0.723807
  0.40329  0.527225
  0.705228  0.847073
  0.385529  0.49632
  0.469914  0.540803
  0.815636  0.775714
  0.408067  0.542378
  0.790677  0.601327
  0.532272  0.511152
  0.289364  0.453342
  0.85727  0.760721
  0.592538  0.727323
  0.317024  0.360814
  0.423477  0.585784
  0.812044  0.63525
  0.720743  0.750302
  0.672179  0.724351
  0.531984  0.69436
  0.82384  0.66556
  0.693013  0.819965
  0.328033  0.355947
  0.388262  0.392472
  0.401881  0.535749
  0.718447  0.697445
  0.112184  0.285326
  0.44606  0.52786
  0.713435  0.631653
  0.591853  0.504966
  0.749237  0.68016
  0.685902  0.580173
  0.543305  0.518683
  0.711685  0.579574
  0.74116  0.808921
  0.457504  0.434378
  0.351589  0.434592
  0.707711  0.655736
  0.643075  0.56372
  0.91978  0.647453
  0.57816  0.716601
  0.574553  0.599756
  0.741164  0.69115
  0.727901  0.647021
  0.396579  0.505381
  0.639501  0.601735
  0.713655  0.806066
  0.628812  0.695382
  0.83466  0.698253
  0.823468  0.757502
  0.231224  0.383875
  0.253534  0.385138
  0.368206  0.422897
  0.860332  0.636818
  0.0982516  0.281879
  0.869068  0.699706
  0.755289  0.773811
  0.588847  0.656339
  0.43912  0.57213
  0.543856  0.487102
  0.225621  0.329747
  0.666456  0.714711
  0.25912  0.35969
  0.195996  0.32394
  0.405811  0.450732
  0.783994  0.729126
  0.25921  0.389955
  0.600789  0.535329
  0.599404  0.647339
  0.359671  0.528176
  0.758083  0.775175
  0.279368  0.453242
  0.462862  0.557759
  0.685092  0.705935
  0.472017  0.554492
  0.469844  0.58953
  0.64697  0.73894
  0.573707  0.540573
  0.745019  0.762189
  0.461947  0.587933
  0.817703  0.600558
  0.799756  0.579366
  0.71515  0.805216
  0.312898  0.405848
  0.879415  0.639333
  0.554431  0.652028
  0.455836  0.460074
  0.490387  0.54149
  0.260329  0.421592
  0.363775  0.388808
  0.443365  0.502811
  0.771864  0.848355
  0.690134  0.684275
  0.621659  0.540527
  0.522318  0.550314
  0.761655  0.725681
  0.817651  0.74613
  0.667303  0.677522
  0.130078  0.263359
  0.670431  0.824065
  0.733192  0.749104
  0.820809  0.646812
  0.422453  0.516127
  0.693089  0.784915
  0.140442  0.309908
  0.81334  0.739428
  0.708157  0.554864
  0.588001  0.542156
  0.815565  0.811768
  0.862319  0.735454
  0.782138  0.610664
  0.594882  0.678214
  0.0919578  0.253951
  0.208101  0.345231
  0.0821672  0.242952
  0.359722  0.479434
  0.428784  0.427433
  0.83677  0.766969
  0.2566  0.343432
  0.490066  0.635786
  0.733925  0.674568
  0.650093  0.693666
  0.553851  0.589168
  0.549164  0.538451
  0.683218  0.809234
  0.618604  0.653717
  0.738753  0.733655
  0.724574  0.618115
  0.895725  0.713239
  0.353411  0.514291
  0.150662  0.289335
  0.818231  0.77866
  0.884666  0.718951
  0.654324  0.54741
  0.502461  0.577893
  0.735602  0.856608
  0.809473  0.790844
  0.435118  0.428415
  0.781827  0.688888
  0.330107  0.389923
  0.601779  0.537528
  0.439996  0.572517
  0.50673  0.623049
  0.520817  0.676127
  0.853699  0.709105
  0.265391  0.33816
  0.492758  0.604828
  0.636802  0.727449
  0.669995  0.78906
  0.58856  0.613819
  0.760967  0.774914
  0.405393  0.414759
  0.754391  0.727078
  0.793279  0.696556
  0.787195  0.725615
  0.0995806  0.281847
  0.229083  0.375785
  0.587964  0.578725
  0.117572  0.292349
  0.677085  0.558164
  0.636676  0.763469
  0.783823  0.580978
  0.656878  0.72276
  0.803033  0.804196
  0.749724  0.661962
  0.455136  0.513278
  0.619062  0.65683
  0.814116  0.590945
  0.654873  0.543472
  0.842591  0.690692
  0.505729  0.461538
  0.729145  0.868828
  0.700305  0.532722
  0.635145  0.607362
  0.885873  0.646491
  0.794044  0.789315
  0.809586  0.789622
  0.5433  0.653888
  0.504596  0.451223
  0.826086  0.595993
  0.785839  0.782608
  0.562267  0.626854
  0.395014  0.469786
  0.483395  0.646208
  0.842194  0.642425
  0.868351  0.658054
  0.568197  0.50737
  0.554615  0.477573
  0.295089  0.433468
  0.715032  0.629615
  0.782359  0.741459
  0.336259  0.385087
  0.661623  0.782193
  0.416666  0.443802
  0.52487  0.649518
  0.631587  0.557476
  0.416454  0.472208
  0.7706  0.606665
  0.470318  0.542971
  0.695683  0.781327
  0.317829  0.357262
  0.286754  0.438954
  0.558981  0.687292
  0.586323  0.584568
  0.583457  0.597978
  0.779087  0.794862
  0.508099  0.638859
  0.900205  0.691254
  0.83064  0.736541
  0.340245  0.47812
  0.845618  0.614026
  0.202546  0.303314
  0.680175  0.802219
  0.804659  0.659567
  0.659079  0.751209
  0.616723  0.538725
  0.756618  0.740609
  0.596249  0.618204
  0.181476  0.314359
  0.597687  0.6968
  0.60349  0.667448
  0.223119  0.315341
  0.742575  0.588349
  0.442508  0.454778
  0.433067  0.408019
  0.552786  0.600231
  0.518608  0.453583
  0.791041  0.803128
  0.551136  0.695922
  0.627606  0.583104
  0.794672  0.639917
  0.439805  0.422032
  0.330528  0.380881
  0.132268  0.263272
  0.806065  0.631646
  0.555875  0.550585
  0.878677  0.698379
  0.704186  0.683884
  0.399013  0.555574
  0.496577  0.482298
  0.440085  0.438424
  0.290018  0.392029
  0.321033  0.496375
  0.231777  0.359469
  0.69001  0.534739
  0.561416  0.69894
  0.772898  0.781666
  0.605822  0.548078
