  -1  -1  9.71072e-48  -9.71072e-48  2.42768e-48  -2.42768e-48  1.0305e-16
  -0.9  -1  -6.18293e-17  2.33039e-32  -1.54573e-17  5.82599e-33  -9.80068e-17
  -0.8  -1  -2.23701e-16  3.77066e-32  -5.59252e-17  9.42664e-33  -8.33696e-17
  -0.7  -1  -4.23785e-16  3.77066e-32  -1.05946e-16  9.42664e-33  -6.05715e-17
  -0.6  -1  -5.85656e-16  2.33039e-32  -1.46414e-16  5.82599e-33  -3.18443e-17
  -0.5  -1  -6.47485e-16  -4.85536e-48  -1.61871e-16  -1.21384e-48  6.31002e-33
  -0.4  -1  -5.85656e-16  -2.33039e-32  -1.46414e-16  -5.82599e-33  3.18443e-17
  -0.3  -1  -4.23785e-16  -3.77066e-32  -1.05946e-16  -9.42664e-33  6.05715e-17
  -0.2  -1  -2.23701e-16  -3.77066e-32  -5.59252e-17  -9.42664e-33  8.33696e-17
  -0.1  -1  -6.18293e-17  -2.33039e-32  -1.54573e-17  -5.82599e-33  9.80068e-17
  0  -1  -0  0  -0  0  1.0305e-16
  0.1  -1  6.18293e-17  -2.33039e-32  1.54573e-17  -5.82599e-33  -9.80068e-17
  0.2  -1  2.23701e-16  -3.77066e-32  5.59252e-17  -9.42664e-33  -8.33696e-17
  0.3  -1  4.23785e-16  -3.77066e-32  1.05946e-16  -9.42664e-33  -6.05715e-17
  0.4  -1  5.85656e-16  -2.33039e-32  1.46414e-16  -5.82599e-33  -3.18443e-17
  0.5  -1  6.47485e-16  -4.85536e-48  1.61871e-16  -1.21384e-48  -6.31002e-33
  0.6  -1  5.85656e-16  2.33039e-32  1.46414e-16  5.82599e-33  3.18443e-17
  0.7  -1  4.23785e-16  3.77066e-32  1.05946e-16  9.42664e-33  6.05715e-17
  0.8  -1  2.23701e-16  3.77066e-32  5.59252e-17  9.42664e-33  8.33696e-17
  0.9  -1  6.18293e-17  2.33039e-32  1.54573e-17  5.82599e-33  9.80068e-17
  1  -1  9.71072e-48  9.71072e-48  2.42768e-48  2.42768e-48  1.0305e-16
  -1  -0.9  -2.33039e-32  6.18293e-17  -5.82599e-33  1.54573e-17  -0.260029
  -0.9  -0.9  0.148379  -0.148379  0.0370947  -0.0370947  0.247302
  -0.8  -0.9  0.53684  -0.240082  0.13421  -0.0600206  0.210368
  -0.7  -0.9  1.017  -0.240082  0.254251  -0.0600206  0.152841
  -0.6  -0.9  1.40547  -0.148379  0.351367  -0.0370947  0.0803533
  -0.5  -0.9  1.55385  3.09147e-17  0.388461  7.72867e-18  -1.59222e-17
  -0.4  -0.9  1.40547  0.148379  0.351367  0.0370947  -0.0803533
  -0.3  -0.9  1.017  0.240082  0.254251  0.0600206  -0.152841
  -0.2  -0.9  0.53684  0.240082  0.13421  0.0600206  -0.210368
  -0.1  -0.9  0.148379  0.148379  0.0370947  0.0370947  -0.247302
  0  -0.9  0  -0  0  -0  -0.260029
  0.1  -0.9  -0.148379  0.148379  -0.0370947  0.0370947  0.247302
  0.2  -0.9  -0.53684  0.240082  -0.13421  0.0600206  0.210368
  0.3  -0.9  -1.017  0.240082  -0.254251  0.0600206  0.152841
  0.4  -0.9  -1.40547  0.148379  -0.351367  0.0370947  0.0803533
  0.5  -0.9  -1.55385  3.09147e-17  -0.388461  7.72867e-18  1.59222e-17
  0.6  -0.9  -1.40547  -0.148379  -0.351367  -0.0370947  -0.0803533
  0.7  -0.9  -1.017  -0.240082  -0.254251  -0.0600206  -0.152841
  0.8  -0.9  -0.53684  -0.240082  -0.13421  -0.0600206  -0.210368
  0.9  -0.9  -0.148379  -0.148379  -0.0370947  -0.0370947  -0.247302
  1  -0.9  -2.33039e-32  -6.18293e-17  -5.82599e-33  -1.54573e-17  -0.260029
  -1  -0.8  -3.77066e-32  2.23701e-16  -9.42664e-33  5.59252e-17  -0.494604
  -0.9  -0.8  0.240082  -0.53684  0.0600206  -0.13421  0.470397
  -0.8  -0.8  0.868626  -0.868626  0.217156  -0.217156  0.400143
  -0.7  -0.8  1.64555  -0.868626  0.411387  -0.217156  0.290721
  -0.6  -0.8  2.27409  -0.53684  0.568523  -0.13421  0.152841
  -0.5  -0.8  2.51417  1.1185e-16  0.628544  2.79626e-17  -3.02858e-17
  -0.4  -0.8  2.27409  0.53684  0.568523  0.13421  -0.152841
  -0.3  -0.8  1.64555  0.868626  0.411387  0.217156  -0.290721
  -0.2  -0.8  0.868626  0.868626  0.217156  0.217156  -0.400143
  -0.1  -0.8  0.240082  0.53684  0.0600206  0.13421  -0.470397
  0  -0.8  0  -0  0  -0  -0.494604
  0.1  -0.8  -0.240082  0.53684  -0.0600206  0.13421  0.470397
  0.2  -0.8  -0.868626  0.868626  -0.217156  0.217156  0.400143
  0.3  -0.8  -1.64555  0.868626  -0.411387  0.217156  0.290721
  0.4  -0.8  -2.27409  0.53684  -0.568523  0.13421  0.152841
  0.5  -0.8  -2.51417  1.1185e-16  -0.628544  2.79626e-17  3.02858e-17
  0.6  -0.8  -2.27409  -0.53684  -0.568523  -0.13421  -0.152841
  0.7  -0.8  -1.64555  -0.868626  -0.411387  -0.217156  -0.290721
  0.8  -0.8  -0.868626  -0.868626  -0.217156  -0.217156  -0.400143
  0.9  -0.8  -0.240082  -0.53684  -0.0600206  -0.13421  -0.470397
  1  -0.8  -3.77066e-32  -2.23701e-16  -9.42664e-33  -5.59252e-17  -0.494604
  -1  -0.7  -3.77066e-32  4.23785e-16  -9.42664e-33  1.05946e-16  -0.680764
  -0.9  -0.7  0.240082  -1.017  0.0600206  -0.254251  0.647445
  -0.8  -0.7  0.868626  -1.64555  0.217156  -0.411387  0.55075
  -0.7  -0.7  1.64555  -1.64555  0.411387  -0.411387  0.400143
  -0.6  -0.7  2.27409  -1.017  0.568523  -0.254251  0.210368
  -0.5  -0.7  2.51417  2.11892e-16  0.628544  5.29731e-17  -4.16848e-17
  -0.4  -0.7  2.27409  1.017  0.568523  0.254251  -0.210368
  -0.3  -0.7  1.64555  1.64555  0.411387  0.411387  -0.400143
  -0.2  -0.7  0.868626  1.64555  0.217156  0.411387  -0.55075
  -0.1  -0.7  0.240082  1.017  0.0600206  0.254251  -0.647445
  0  -0.7  0  -0  0  -0  -0.680764
  0.1  -0.7  -0.240082  1.017  -0.0600206  0.254251  0.647445
  0.2  -0.7  -0.868626  1.64555  -0.217156  0.411387  0.55075
  0.3  -0.7  -1.64555  1.64555  -0.411387  0.411387  0.400143
  0.4  -0.7  -2.27409  1.017  -0.568523  0.254251  0.210368
  0.5  -0.7  -2.51417  2.11892e-16  -0.628544  5.29731e-17  4.16848e-17
  0.6  -0.7  -2.27409  -1.017  -0.568523  -0.254251  -0.210368
  0.7  -0.7  -1.64555  -1.64555  -0.411387  -0.411387  -0.400143
  0.8  -0.7  -0.868626  -1.64555  -0.217156  -0.411387  -0.55075
  0.9  -0.7  -0.240082  -1.017  -0.0600206  -0.254251  -0.647445
  1  -0.7  -3.77066e-32  -4.23785e-16  -9.42664e-33  -1.05946e-16  -0.680764
  -1  -0.6  -2.33039e-32  5.85656e-16  -5.82599e-33  1.46414e-16  -0.800286
  -0.9  -0.6  0.148379  -1.40547  0.0370947  -0.351367  0.761118
  -0.8  -0.6  0.53684  -2.27409  0.13421  -0.568523  0.647445
  -0.7  -0.6  1.017  -2.27409  0.254251  -0.568523  0.470397
  -0.6  -0.6  1.40547  -1.40547  0.351367  -0.351367  0.247302
  -0.5  -0.6  1.55385  2.92828e-16  0.388461  7.3207e-17  -4.90034e-17
  -0.4  -0.6  1.40547  1.40547  0.351367  0.351367  -0.247302
  -0.3  -0.6  1.017  2.27409  0.254251  0.568523  -0.470397
  -0.2  -0.6  0.53684  2.27409  0.13421  0.568523  -0.647445
  -0.1  -0.6  0.148379  1.40547  0.0370947  0.351367  -0.761118
  0  -0.6  0  -0  0  -0  -0.800286
  0.1  -0.6  -0.148379  1.40547  -0.0370947  0.351367  0.761118
  0.2  -0.6  -0.53684  2.27409  -0.13421  0.568523  0.647445
  0.3  -0.6  -1.017  2.27409  -0.254251  0.568523  0.470397
  0.4  -0.6  -1.40547  1.40547  -0.351367  0.351367  0.247302
  0.5  -0.6  -1.55385  2.92828e-16  -0.388461  7.3207e-17  4.90034e-17
  0.6  -0.6  -1.40547  -1.40547  -0.351367  -0.351367  -0.247302
  0.7  -0.6  -1.017  -2.27409  -0.254251  -0.568523  -0.470397
  0.8  -0.6  -0.53684  -2.27409  -0.13421  -0.568523  -0.647445
  0.9  -0.6  -0.148379  -1.40547  -0.0370947  -0.351367  -0.761118
  1  -0.6  -2.33039e-32  -5.85656e-16  -5.82599e-33  -1.46414e-16  -0.800286
  -1  -0.5  4.85536e-48  6.47485e-16  1.21384e-48  1.61871e-16  -0.841471
  -0.9  -0.5  -3.09147e-17  -1.55385  -7.72867e-18  -0.388461  0.800286
  -0.8  -0.5  -1.1185e-16  -2.51417  -2.79626e-17  -0.628544  0.680764
  -0.7  -0.5  -2.11892e-16  -2.51417  -5.29731e-17  -0.628544  0.494604
  -0.6  -0.5  -2.92828e-16  -1.55385  -7.3207e-17  -0.388461  0.260029
  -0.5  -0.5  -3.23743e-16  3.23743e-16  -8.09357e-17  8.09357e-17  -5.15252e-17
  -0.4  -0.5  -2.92828e-16  1.55385  -7.3207e-17  0.388461  -0.260029
  -0.3  -0.5  -2.11892e-16  2.51417  -5.29731e-17  0.628544  -0.494604
  -0.2  -0.5  -1.1185e-16  2.51417  -2.79626e-17  0.628544  -0.680764
  -0.1  -0.5  -3.09147e-17  1.55385  -7.72867e-18  0.388461  -0.800286
  0  -0.5  -0  -0  -0  -0  -0.841471
  0.1  -0.5  3.09147e-17  1.55385  7.72867e-18  0.388461  0.800286
  0.2  -0.5  1.1185e-16  2.51417  2.79626e-17  0.628544  0.680764
  0.3  -0.5  2.11892e-16  2.51417  5.29731e-17  0.628544  0.494604
  0.4  -0.5  2.92828e-16  1.55385  7.3207e-17  0.388461  0.260029
  0.5  -0.5  3.23743e-16  3.23743e-16  8.09357e-17  8.09357e-17  5.15252e-17
  0.6  -0.5  2.92828e-16  -1.55385  7.3207e-17  -0.388461  -0.260029
  0.7  -0.5  2.11892e-16  -2.51417  5.29731e-17  -0.628544  -0.494604
  0.8  -0.5  1.1185e-16  -2.51417  2.79626e-17  -0.628544  -0.680764
  0.9  -0.5  3.09147e-17  -1.55385  7.72867e-18  -0.388461  -0.800286
  1  -0.5  4.85536e-48  -6.47485e-16  1.21384e-48  -1.61871e-16  -0.841471
  -1  -0.4  2.33039e-32  5.85656e-16  5.82599e-33  1.46414e-16  -0.800286
  -0.9  -0.4  -0.148379  -1.40547  -0.0370947  -0.351367  0.761118
  -0.8  -0.4  -0.53684  -2.27409  -0.13421  -0.568523  0.647445
  -0.7  -0.4  -1.017  -2.27409  -0.254251  -0.568523  0.470397
  -0.6  -0.4  -1.40547  -1.40547  -0.351367  -0.351367  0.247302
  -0.5  -0.4  -1.55385  2.92828e-16  -0.388461  7.3207e-17  -4.90034e-17
  -0.4  -0.4  -1.40547  1.40547  -0.351367  0.351367  -0.247302
  -0.3  -0.4  -1.017  2.27409  -0.254251  0.568523  -0.470397
  -0.2  -0.4  -0.53684  2.27409  -0.13421  0.568523  -0.647445
  -0.1  -0.4  -0.148379  1.40547  -0.0370947  0.351367  -0.761118
  0  -0.4  -0  -0  -0  -0  -0.800286
  0.1  -0.4  0.148379  1.40547  0.0370947  0.351367  0.761118
  0.2  -0.4  0.53684  2.27409  0.13421  0.568523  0.647445
  0.3  -0.4  1.017  2.27409  0.254251  0.568523  0.470397
  0.4  -0.4  1.40547  1.40547  0.351367  0.351367  0.247302
  0.5  -0.4  1.55385  2.92828e-16  0.388461  7.3207e-17  4.90034e-17
  0.6  -0.4  1.40547  -1.40547  0.351367  -0.351367  -0.247302
  0.7  -0.4  1.017  -2.27409  0.254251  -0.568523  -0.470397
  0.8  -0.4  0.53684  -2.27409  0.13421  -0.568523  -0.647445
  0.9  -0.4  0.148379  -1.40547  0.0370947  -0.351367  -0.761118
  1  -0.4  2.33039e-32  -5.85656e-16  5.82599e-33  -1.46414e-16  -0.800286
  -1  -0.3  3.77066e-32  4.23785e-16  9.42664e-33  1.05946e-16  -0.680764
  -0.9  -0.3  -0.240082  -1.017  -0.0600206  -0.254251  0.647445
  -0.8  -0.3  -0.868626  -1.64555  -0.217156  -0.411387  0.55075
  -0.7  -0.3  -1.64555  -1.64555  -0.411387  -0.411387  0.400143
  -0.6  -0.3  -2.27409  -1.017  -0.568523  -0.254251  0.210368
  -0.5  -0.3  -2.51417  2.11892e-16  -0.628544  5.29731e-17  -4.16848e-17
  -0.4  -0.3  -2.27409  1.017  -0.568523  0.254251  -0.210368
  -0.3  -0.3  -1.64555  1.64555  -0.411387  0.411387  -0.400143
  -0.2  -0.3  -0.868626  1.64555  -0.217156  0.411387  -0.55075
  -0.1  -0.3  -0.240082  1.017  -0.0600206  0.254251  -0.647445
  0  -0.3  -0  -0  -0  -0  -0.680764
  0.1  -0.3  0.240082  1.017  0.0600206  0.254251  0.647445
  0.2  -0.3  0.868626  1.64555  0.217156  0.411387  0.55075
  0.3  -0.3  1.64555  1.64555  0.411387  0.411387  0.400143
  0.4  -0.3  2.27409  1.017  0.568523  0.254251  0.210368
  0.5  -0.3  2.51417  2.11892e-16  0.628544  5.29731e-17  4.16848e-17
  0.6  -0.3  2.27409  -1.017  0.568523  -0.254251  -0.210368
  0.7  -0.3  1.64555  -1.64555  0.411387  -0.411387  -0.400143
  0.8  -0.3  0.868626  -1.64555  0.217156  -0.411387  -0.55075
  0.9  -0.3  0.240082  -1.017  0.0600206  -0.254251  -0.647445
  1  -0.3  3.77066e-32  -4.23785e-16  9.42664e-33  -1.05946e-16  -0.680764
  -1  -0.2  3.77066e-32  2.23701e-16  9.42664e-33  5.59252e-17  -0.494604
  -0.9  -0.2  -0.240082  -0.53684  -0.0600206  -0.13421  0.470397
  -0.8  -0.2  -0.868626  -0.868626  -0.217156  -0.217156  0.400143
  -0.7  -0.2  -1.64555  -0.868626  -0.411387  -0.217156  0.290721
  -0.6  -0.2  -2.27409  -0.53684  -0.568523  -0.13421  0.152841
  -0.5  -0.2  -2.51417  1.1185e-16  -0.628544  2.79626e-17  -3.02858e-17
  -0.4  -0.2  -2.27409  0.53684  -0.568523  0.13421  -0.152841
  -0.3  -0.2  -1.64555  0.868626  -0.411387  0.217156  -0.290721
  -0.2  -0.2  -0.868626  0.868626  -0.217156  0.217156  -0.400143
  -0.1  -0.2  -0.240082  0.53684  -0.0600206  0.13421  -0.470397
  0  -0.2  -0  -0  -0  -0  -0.494604
  0.1  -0.2  0.240082  0.53684  0.0600206  0.13421  0.470397
  0.2  -0.2  0.868626  0.868626  0.217156  0.217156  0.400143
  0.3  -0.2  1.64555  0.868626  0.411387  0.217156  0.290721
  0.4  -0.2  2.27409  0.53684  0.568523  0.13421  0.152841
  0.5  -0.2  2.51417  1.1185e-16  0.628544  2.79626e-17  3.02858e-17
  0.6  -0.2  2.27409  -0.53684  0.568523  -0.13421  -0.152841
  0.7  -0.2  1.64555  -0.868626  0.411387  -0.217156  -0.290721
  0.8  -0.2  0.868626  -0.868626  0.217156  -0.217156  -0.400143
  0.9  -0.2  0.240082  -0.53684  0.0600206  -0.13421  -0.470397
  1  -0.2  3.77066e-32  -2.23701e-16  9.42664e-33  -5.59252e-17  -0.494604
  -1  -0.1  2.33039e-32  6.18293e-17  5.82599e-33  1.54573e-17  -0.260029
  -0.9  -0.1  -0.148379  -0.148379  -0.0370947  -0.0370947  0.247302
  -0.8  -0.1  -0.53684  -0.240082  -0.13421  -0.0600206  0.210368
  -0.7  -0.1  -1.017  -0.240082  -0.254251  -0.0600206  0.152841
  -0.6  -0.1  -1.40547  -0.148379  -0.351367  -0.0370947  0.0803533
  -0.5  -0.1  -1.55385  3.09147e-17  -0.388461  7.72867e-18  -1.59222e-17
  -0.4  -0.1  -1.40547  0.148379  -0.351367  0.0370947  -0.0803533
  -0.3  -0.1  -1.017  0.240082  -0.254251  0.0600206  -0.152841
  -0.2  -0.1  -0.53684  0.240082  -0.13421  0.0600206  -0.210368
  -0.1  -0.1  -0.148379  0.148379  -0.0370947  0.0370947  -0.247302
  0  -0.1  -0  -0  -0  -0  -0.260029
  0.1  -0.1  0.148379  0.148379  0.0370947  0.0370947  0.247302
  0.2  -0.1  0.53684  0.240082  0.13421  0.0600206  0.210368
  0.3  -0.1  1.017  0.240082  0.254251  0.0600206  0.152841
  0.4  -0.1  1.40547  0.148379  0.351367  0.0370947  0.0803533
  0.5  -0.1  1.55385  3.09147e-17  0.388461  7.72867e-18  1.59222e-17
  0.6  -0.1  1.40547  -0.148379  0.351367  -0.0370947  -0.0803533
  0.7  -0.1  1.017  -0.240082  0.254251  -0.0600206  -0.152841
  0.8  -0.1  0.53684  -0.240082  0.13421  -0.0600206  -0.210368
  0.9  -0.1  0.148379  -0.148379  0.0370947  -0.0370947  -0.247302
  1  -0.1  2.33039e-32  -6.18293e-17  5.82599e-33  -1.54573e-17  -0.260029
  -1  0  -0  0  -0  0  0
  -0.9  0  0  -0  0  -0  -0
  -0.8  0  0  -0  0  -0  -0
  -0.7  0  0  -0  0  -0  -0
  -0.6  0  0  -0  0  -0  -0
  -0.5  0  0  0  0  0  0
  -0.4  0  0  0  0  0  0
  -0.3  0  0  0  0  0  0
  -0.2  0  0  0  0  0  0
  -0.1  0  0  0  0  0  0
  0  0  0  -0  0  -0  0
  0.1  0  -0  0  -0  0  -0
  0.2  0  -0  0  -0  0  -0
  0.3  0  -0  0  -0  0  -0
  0.4  0  -0  0  -0  0  -0
  0.5  0  -0  0  -0  0  -0
  0.6  0  -0  -0  -0  -0  0
  0.7  0  -0  -0  -0  -0  0
  0.8  0  -0  -0  -0  -0  0
  0.9  0  -0  -0  -0  -0  0
  1  0  -0  -0  -0  -0  0
  -1  0.1  2.33039e-32  -6.18293e-17  5.82599e-33  -1.54573e-17  -0.260029
  -0.9  0.1  -0.148379  0.148379  -0.0370947  0.0370947  0.247302
  -0.8  0.1  -0.53684  0.240082  -0.13421  0.0600206  0.210368
  -0.7  0.1  -1.017  0.240082  -0.254251  0.0600206  0.152841
  -0.6  0.1  -1.40547  0.148379  -0.351367  0.0370947  0.0803533
  -0.5  0.1  -1.55385  -3.09147e-17  -0.388461  -7.72867e-18  -1.59222e-17
  -0.4  0.1  -1.40547  -0.148379  -0.351367  -0.0370947  -0.0803533
  -0.3  0.1  -1.017  -0.240082  -0.254251  -0.0600206  -0.152841
  -0.2  0.1  -0.53684  -0.240082  -0.13421  -0.0600206  -0.210368
  -0.1  0.1  -0.148379  -0.148379  -0.0370947  -0.0370947  -0.247302
  0  0.1  -0  0  -0  0  -0.260029
  0.1  0.1  0.148379  -0.148379  0.0370947  -0.0370947  0.247302
  0.2  0.1  0.53684  -0.240082  0.13421  -0.0600206  0.210368
  0.3  0.1  1.017  -0.240082  0.254251  -0.0600206  0.152841
  0.4  0.1  1.40547  -0.148379  0.351367  -0.0370947  0.0803533
  0.5  0.1  1.55385  -3.09147e-17  0.388461  -7.72867e-18  1.59222e-17
  0.6  0.1  1.40547  0.148379  0.351367  0.0370947  -0.0803533
  0.7  0.1  1.017  0.240082  0.254251  0.0600206  -0.152841
  0.8  0.1  0.53684  0.240082  0.13421  0.0600206  -0.210368
  0.9  0.1  0.148379  0.148379  0.0370947  0.0370947  -0.247302
  1  0.1  2.33039e-32  6.18293e-17  5.82599e-33  1.54573e-17  -0.260029
  -1  0.2  3.77066e-32  -2.23701e-16  9.42664e-33  -5.59252e-17  -0.494604
  -0.9  0.2  -0.240082  0.53684  -0.0600206  0.13421  0.470397
  -0.8  0.2  -0.868626  0.868626  -0.217156  0.217156  0.400143
  -0.7  0.2  -1.64555  0.868626  -0.411387  0.217156  0.290721
  -0.6  0.2  -2.27409  0.53684  -0.568523  0.13421  0.152841
  -0.5  0.2  -2.51417  -1.1185e-16  -0.628544  -2.79626e-17  -3.02858e-17
  -0.4  0.2  -2.27409  -0.53684  -0.568523  -0.13421  -0.152841
  -0.3  0.2  -1.64555  -0.868626  -0.411387  -0.217156  -0.290721
  -0.2  0.2  -0.868626  -0.868626  -0.217156  -0.217156  -0.400143
  -0.1  0.2  -0.240082  -0.53684  -0.0600206  -0.13421  -0.470397
  0  0.2  -0  0  -0  0  -0.494604
  0.1  0.2  0.240082  -0.53684  0.0600206  -0.13421  0.470397
  0.2  0.2  0.868626  -0.868626  0.217156  -0.217156  0.400143
  0.3  0.2  1.64555  -0.868626  0.411387  -0.217156  0.290721
  0.4  0.2  2.27409  -0.53684  0.568523  -0.13421  0.152841
  0.5  0.2  2.51417  -1.1185e-16  0.628544  -2.79626e-17  3.02858e-17
  0.6  0.2  2.27409  0.53684  0.568523  0.13421  -0.152841
  0.7  0.2  1.64555  0.868626  0.411387  0.217156  -0.290721
  0.8  0.2  0.868626  0.868626  0.217156  0.217156  -0.400143
  0.9  0.2  0.240082  0.53684  0.0600206  0.13421  -0.470397
  1  0.2  3.77066e-32  2.23701e-16  9.42664e-33  5.59252e-17  -0.494604
  -1  0.3  3.77066e-32  -4.23785e-16  9.42664e-33  -1.05946e-16  -0.680764
  -0.9  0.3  -0.240082  1.017  -0.0600206  0.254251  0.647445
  -0.8  0.3  -0.868626  1.64555  -0.217156  0.411387  0.55075
  -0.7  0.3  -1.64555  1.64555  -0.411387  0.411387  0.400143
  -0.6  0.3  -2.27409  1.017  -0.568523  0.254251  0.210368
  -0.5  0.3  -2.51417  -2.11892e-16  -0.628544  -5.29731e-17  -4.16848e-17
  -0.4  0.3  -2.27409  -1.017  -0.568523  -0.254251  -0.210368
  -0.3  0.3  -1.64555  -1.64555  -0.411387  -0.411387  -0.400143
  -0.2  0.3  -0.868626  -1.64555  -0.217156  -0.411387  -0.55075
  -0.1  0.3  -0.240082  -1.017  -0.0600206  -0.254251  -0.647445
  0  0.3  -0  0  -0  0  -0.680764
  0.1  0.3  0.240082  -1.017  0.0600206  -0.254251  0.647445
  0.2  0.3  0.868626  -1.64555  0.217156  -0.411387  0.55075
  0.3  0.3  1.64555  -1.64555  0.411387  -0.411387  0.400143
  0.4  0.3  2.27409  -1.017  0.568523  -0.254251  0.210368
  0.5  0.3  2.51417  -2.11892e-16  0.628544  -5.29731e-17  4.16848e-17
  0.6  0.3  2.27409  1.017  0.568523  0.254251  -0.210368
  0.7  0.3  1.64555  1.64555  0.411387  0.411387  -0.400143
  0.8  0.3  0.868626  1.64555  0.217156  0.411387  -0.55075
  0.9  0.3  0.240082  1.017  0.0600206  0.254251  -0.647445
  1  0.3  3.77066e-32  4.23785e-16  9.42664e-33  1.05946e-16  -0.680764
  -1  0.4  2.33039e-32  -5.85656e-16  5.82599e-33  -1.46414e-16  -0.800286
  -0.9  0.4  -0.148379  1.40547  -0.0370947  0.351367  0.761118
  -0.8  0.4  -0.53684  2.27409  -0.13421  0.568523  0.647445
  -0.7  0.4  -1.017  2.27409  -0.254251  0.568523  0.470397
  -0.6  0.4  -1.40547  1.40547  -0.351367  0.351367  0.247302
  -0.5  0.4  -1.55385  -2.92828e-16  -0.388461  -7.3207e-17  -4.90034e-17
  -0.4  0.4  -1.40547  -1.40547  -0.351367  -0.351367  -0.247302
  -0.3  0.4  -1.017  -2.27409  -0.254251  -0.568523  -0.470397
  -0.2  0.4  -0.53684  -2.27409  -0.13421  -0.568523  -0.647445
  -0.1  0.4  -0.148379  -1.40547  -0.0370947  -0.351367  -0.761118
  0  0.4  -0  0  -0  0  -0.800286
  0.1  0.4  0.148379  -1.40547  0.0370947  -0.351367  0.761118
  0.2  0.4  0.53684  -2.27409  0.13421  -0.568523  0.647445
  0.3  0.4  1.017  -2.27409  0.254251  -0.568523  0.470397
  0.4  0.4  1.40547  -1.40547  0.351367  -0.351367  0.247302
  0.5  0.4  1.55385  -2.92828e-16  0.388461  -7.3207e-17  4.90034e-17
  0.6  0.4  1.40547  1.40547  0.351367  0.351367  -0.247302
  0.7  0.4  1.017  2.27409  0.254251  0.568523  -0.470397
  0.8  0.4  0.53684  2.27409  0.13421  0.568523  -0.647445
  0.9  0.4  0.148379  1.40547  0.0370947  0.351367  -0.761118
  1  0.4  2.33039e-32  5.85656e-16  5.82599e-33  1.46414e-16  -0.800286
  -1  0.5  4.85536e-48  -6.47485e-16  1.21384e-48  -1.61871e-16  -0.841471
  -0.9  0.5  -3.09147e-17  1.55385  -7.72867e-18  0.388461  0.800286
  -0.8  0.5  -1.1185e-16  2.51417  -2.79626e-17  0.628544  0.680764
  -0.7  0.5  -2.11892e-16  2.51417  -5.29731e-17  0.628544  0.494604
  -0.6  0.5  -2.92828e-16  1.55385  -7.3207e-17  0.388461  0.260029
  -0.5  0.5  -3.23743e-16  -3.23743e-16  -8.09357e-17  -8.09357e-17  -5.15252e-17
  -0.4  0.5  -2.92828e-16  -1.55385  -7.3207e-17  -0.388461  -0.260029
  -0.3  0.5  -2.11892e-16  -2.51417  -5.29731e-17  -0.628544  -0.494604
  -0.2  0.5  -1.1185e-16  -2.51417  -2.79626e-17  -0.628544  -0.680764
  -0.1  0.5  -3.09147e-17  -1.55385  -7.72867e-18  -0.388461  -0.800286
  0  0.5  -0  0  -0  0  -0.841471
  0.1  0.5  3.09147e-17  -1.55385  7.72867e-18  -0.388461  0.800286
  0.2  0.5  1.1185e-16  -2.51417  2.79626e-17  -0.628544  0.680764
  0.3  0.5  2.11892e-16  -2.51417  5.29731e-17  -0.628544  0.494604
  0.4  0.5  2.92828e-16  -1.55385  7.3207e-17  -0.388461  0.260029
  0.5  0.5  3.23743e-16  -3.23743e-16  8.09357e-17  -8.09357e-17  5.15252e-17
  0.6  0.5  2.92828e-16  1.55385  7.3207e-17  0.388461  -0.260029
  0.7  0.5  2.11892e-16  2.51417  5.29731e-17  0.628544  -0.494604
  0.8  0.5  1.1185e-16  2.51417  2.79626e-17  0.628544  -0.680764
  0.9  0.5  3.09147e-17  1.55385  7.72867e-18  0.388461  -0.800286
  1  0.5  4.85536e-48  6.47485e-16  1.21384e-48  1.61871e-16  -0.841471
  -1  0.6  -2.33039e-32  -5.85656e-16  -5.82599e-33  -1.46414e-16  -0.800286
  -0.9  0.6  0.148379  1.40547  0.0370947  0.351367  0.761118
  -0.8  0.6  0.53684  2.27409  0.13421  0.568523  0.647445
  -0.7  0.6  1.017  2.27409  0.254251  0.568523  0.470397
  -0.6  0.6  1.40547  1.40547  0.351367  0.351367  0.247302
  -0.5  0.6  1.55385  -2.92828e-16  0.388461  -7.3207e-17  -4.90034e-17
  -0.4  0.6  1.40547  -1.40547  0.351367  -0.351367  -0.247302
  -0.3  0.6  1.017  -2.27409  0.254251  -0.568523  -0.470397
  -0.2  0.6  0.53684  -2.27409  0.13421  -0.568523  -0.647445
  -0.1  0.6  0.148379  -1.40547  0.0370947  -0.351367  -0.761118
  0  0.6  0  0  0  0  -0.800286
  0.1  0.6  -0.148379  -1.40547  -0.0370947  -0.351367  0.761118
  0.2  0.6  -0.53684  -2.27409  -0.13421  -0.568523  0.647445
  0.3  0.6  -1.017  -2.27409  -0.254251  -0.568523  0.470397
  0.4  0.6  -1.40547  -1.40547  -0.351367  -0.351367  0.247302
  0.5  0.6  -1.55385  -2.92828e-16  -0.388461  -7.3207e-17  4.90034e-17
  0.6  0.6  -1.40547  1.40547  -0.351367  0.351367  -0.247302
  0.7  0.6  -1.017  2.27409  -0.254251  0.568523  -0.470397
  0.8  0.6  -0.53684  2.27409  -0.13421  0.568523  -0.647445
  0.9  0.6  -0.148379  1.40547  -0.0370947  0.351367  -0.761118
  1  0.6  -2.33039e-32  5.85656e-16  -5.82599e-33  1.46414e-16  -0.800286
  -1  0.7  -3.77066e-32  -4.23785e-16  -9.42664e-33  -1.05946e-16  -0.680764
  -0.9  0.7  0.240082  1.017  0.0600206  0.254251  0.647445
  -0.8  0.7  0.868626  1.64555  0.217156  0.411387  0.55075
  -0.7  0.7  1.64555  1.64555  0.411387  0.411387  0.400143
  -0.6  0.7  2.27409  1.017  0.568523  0.254251  0.210368
  -0.5  0.7  2.51417  -2.11892e-16  0.628544  -5.29731e-17  -4.16848e-17
  -0.4  0.7  2.27409  -1.017  0.568523  -0.254251  -0.210368
  -0.3  0.7  1.64555  -1.64555  0.411387  -0.411387  -0.400143
  -0.2  0.7  0.868626  -1.64555  0.217156  -0.411387  -0.55075
  -0.1  0.7  0.240082  -1.017  0.0600206  -0.254251  -0.647445
  0  0.7  0  0  0  0  -0.680764
  0.1  0.7  -0.240082  -1.017  -0.0600206  -0.254251  0.647445
  0.2  0.7  -0.868626  -1.64555  -0.217156  -0.411387  0.55075
  0.3  0.7  -1.64555  -1.64555  -0.411387  -0.411387  0.400143
  0.4  0.7  -2.27409  -1.017  -0.568523  -0.254251  0.210368
  0.5  0.7  -2.51417  -2.11892e-16  -0.628544  -5.29731e-17  4.16848e-17
  0.6  0.7  -2.27409  1.017  -0.568523  0.254251  -0.210368
  0.7  0.7  -1.64555  1.64555  -0.411387  0.411387  -0.400143
  0.8  0.7  -0.868626  1.64555  -0.217156  0.411387  -0.55075
  0.9  0.7  -0.240082  1.017  -0.0600206  0.254251  -0.647445
  1  0.7  -3.77066e-32  4.23785e-16  -9.42664e-33  1.05946e-16  -0.680764
  -1  0.8  -3.77066e-32  -2.23701e-16  -9.42664e-33  -5.59252e-17  -0.494604
  -0.9  0.8  0.240082  0.53684  0.0600206  0.13421  0.470397
  -0.8  0.8  0.868626  0.868626  0.217156  0.217156  0.400143
  -0.7  0.8  1.64555  0.868626  0.411387  0.217156  0.290721
  -0.6  0.8  2.27409  0.53684  0.568523  0.13421  0.152841
  -0.5  0.8  2.51417  -1.1185e-16  0.628544  -2.79626e-17  -3.02858e-17
  -0.4  0.8  2.27409  -0.53684  0.568523  -0.13421  -0.152841
  -0.3  0.8  1.64555  -0.868626  0.411387  -0.217156  -0.290721
  -0.2  0.8  0.868626  -0.868626  0.217156  -0.217156  -0.400143
  -0.1  0.8  0.240082  -0.53684  0.0600206  -0.13421  -0.470397
  0  0.8  0  0  0  0  -0.494604
  0.1  0.8  -0.240082  -0.53684  -0.0600206  -0.13421  0.470397
  0.2  0.8  -0.868626  -0.868626  -0.217156  -0.217156  0.400143
  0.3  0.8  -1.64555  -0.868626  -0.411387  -0.217156  0.290721
  0.4  0.8  -2.27409  -0.53684  -0.568523  -0.13421  0.152841
  0.5  0.8  -2.51417  -1.1185e-16  -0.628544  -2.79626e-17  3.02858e-17
  0.6  0.8  -2.27409  0.53684  -0.568523  0.13421  -0.152841
  0.7  0.8  -1.64555  0.868626  -0.411387  0.217156  -0.290721
  0.8  0.8  -0.868626  0.868626  -0.217156  0.217156  -0.400143
  0.9  0.8  -0.240082  0.53684  -0.0600206  0.13421  -0.470397
  1  0.8  -3.77066e-32  2.23701e-16  -9.42664e-33  5.59252e-17  -0.494604
  -1  0.9  -2.33039e-32  -6.18293e-17  -5.82599e-33  -1.54573e-17  -0.260029
  -0.9  0.9  0.148379  0.148379  0.0370947  0.0370947  0.247302
  -0.8  0.9  0.53684  0.240082  0.13421  0.0600206  0.210368
  -0.7  0.9  1.017  0.240082  0.254251  0.0600206  0.152841
  -0.6  0.9  1.40547  0.148379  0.351367  0.0370947  0.0803533
  -0.5  0.9  1.55385  -3.09147e-17  0.388461  -7.72867e-18  -1.59222e-17
  -0.4  0.9  1.40547  -0.148379  0.351367  -0.0370947  -0.0803533
  -0.3  0.9  1.017  -0.240082  0.254251  -0.0600206  -0.152841
  -0.2  0.9  0.53684  -0.240082  0.13421  -0.0600206  -0.210368
  -0.1  0.9  0.148379  -0.148379  0.0370947  -0.0370947  -0.247302
  0  0.9  0  0  0  0  -0.260029
  0.1  0.9  -0.148379  -0.148379  -0.0370947  -0.0370947  0.247302
  0.2  0.9  -0.53684  -0.240082  -0.13421  -0.0600206  0.210368
  0.3  0.9  -1.017  -0.240082  -0.254251  -0.0600206  0.152841
  0.4  0.9  -1.40547  -0.148379  -0.351367  -0.0370947  0.0803533
  0.5  0.9  -1.55385  -3.09147e-17  -0.388461  -7.72867e-18  1.59222e-17
  0.6  0.9  -1.40547  0.148379  -0.351367  0.0370947  -0.0803533
  0.7  0.9  -1.017  0.240082  -0.254251  0.0600206  -0.152841
  0.8  0.9  -0.53684  0.240082  -0.13421  0.0600206  -0.210368
  0.9  0.9  -0.148379  0.148379  -0.0370947  0.0370947  -0.247302
  1  0.9  -2.33039e-32  6.18293e-17  -5.82599e-33  1.54573e-17  -0.260029
  -1  1  -9.71072e-48  -9.71072e-48  -2.42768e-48  -2.42768e-48  -1.0305e-16
  -0.9  1  6.18293e-17  2.33039e-32  1.54573e-17  5.82599e-33  9.80068e-17
  -0.8  1  2.23701e-16  3.77066e-32  5.59252e-17  9.42664e-33  8.33696e-17
  -0.7  1  4.23785e-16  3.77066e-32  1.05946e-16  9.42664e-33  6.05715e-17
  -0.6  1  5.85656e-16  2.33039e-32  1.46414e-16  5.82599e-33  3.18443e-17
  -0.5  1  6.47485e-16  -4.85536e-48  1.61871e-16  -1.21384e-48  -6.31002e-33
  -0.4  1  5.85656e-16  -2.33039e-32  1.46414e-16  -5.82599e-33  -3.18443e-17
  -0.3  1  4.23785e-16  -3.77066e-32  1.05946e-16  -9.42664e-33  -6.05715e-17
  -0.2  1  2.23701e-16  -3.77066e-32  5.59252e-17  -9.42664e-33  -8.33696e-17
  -0.1  1  6.18293e-17  -2.33039e-32  1.54573e-17  -5.82599e-33  -9.80068e-17
  0  1  0  0  0  0  -1.0305e-16
  0.1  1  -6.18293e-17  -2.33039e-32  -1.54573e-17  -5.82599e-33  9.80068e-17
  0.2  1  -2.23701e-16  -3.77066e-32  -5.59252e-17  -9.42664e-33  8.33696e-17
  0.3  1  -4.23785e-16  -3.77066e-32  -1.05946e-16  -9.42664e-33  6.05715e-17
  0.4  1  -5.85656e-16  -2.33039e-32  -1.46414e-16  -5.82599e-33  3.18443e-17
  0.5  1  -6.47485e-16  -4.85536e-48  -1.61871e-16  -1.21384e-48  6.31002e-33
  0.6  1  -5.85656e-16  2.33039e-32  -1.46414e-16  5.82599e-33  -3.18443e-17
  0.7  1  -4.23785e-16  3.77066e-32  -1.05946e-16  9.42664e-33  -6.05715e-17
  0.8  1  -2.23701e-16  3.77066e-32  -5.59252e-17  9.42664e-33  -8.33696e-17
  0.9  1  -6.18293e-17  2.33039e-32  -1.54573e-17  5.82599e-33  -9.80068e-17
  1  1  -9.71072e-48  9.71072e-48  -2.42768e-48  2.42768e-48  -1.0305e-16
